,NAME,DATE_OPENED,the_geom,LINE,NOTES,coordinates,LATITUDE,LONGITUDE,ELEVATION,year,month,day,color_code,OPENING_DAY,red,green,blue
0,Astor Pl,10/27/1904,POINT (-73.99106999861966 40.73005400028978),4-6-6 Express,"4 nights, 6-all times, 6 Express-weekdays AM southbound, PM northbound",-73.99106999861966 40.73005400028978,40.73005400028978,-73.99106999861965,40.73005400028978,1904,10,27,"[0, 147, 60]",1904-10-27,0,147,60
1,Canal St,10/27/1904,POINT (-74.00019299927328 40.71880300107709),4-6-6 Express,"4 nights, 6-all times, 6 Express-weekdays AM southbound, PM northbound",-74.00019299927328 40.71880300107709,40.71880300107709,-74.00019299927328,40.71880300107709,1904,10,27,"[0, 147, 60]",1904-10-27,0,147,60
2,50th St,10/27/1904,POINT (-73.98384899986625 40.76172799961419),1-2,"1-all times, 2-nights",-73.98384899986625 40.76172799961419,40.76172799961419,-73.98384899986625,40.76172799961419,1904,10,27,"[238, 53, 46]",1904-10-27,238,53,46
3,Bergen St,10/10/1920,POINT (-73.97499915116808 40.68086213682956),2-3-4,"4-nights, 3-all other times, 2-all times",-73.97499915116808 40.68086213682956,40.68086213682956,-73.97499915116808,40.68086213682956,1920,10,10,"[0, 147, 60]",1920-10-10,0,147,60
4,Pennsylvania Ave,12/24/1920,POINT (-73.89488591154061 40.66471445143568),3-4,"4-nights, 3-all other times",-73.89488591154061 40.66471445143568,40.66471445143568,-73.89488591154061,40.66471445143568,1920,12,24,"[0, 147, 60]",1920-12-24,0,147,60
5,238th St,08/01/1908,POINT (-73.90087000018522 40.88466700064975),1,"1-all times, exit only northbound",-73.90087000018522 40.88466700064975,40.88466700064975,-73.90087000018522,40.88466700064975,1908,8,1,"[238, 53, 46]",1908-08-01,238,53,46
6,Cathedral Pkwy (110th St),09/10/1932,POINT (-73.95806670661364 40.800581558114956),A-B-C,"A-nights, B-weekdays and evenings, C-all times exc nights",-73.95806670661364 40.800581558114956,40.80058155811496,-73.95806670661364,40.80058155811496,1932,9,10,"[255, 99, 25]",1932-09-10,255,99,25
7,Kingston - Throop Aves,04/09/1936,POINT (-73.94085899871263 40.67991899941601),A-C,"A-nights, C-all other times",-73.94085899871263 40.67991899941601,40.67991899941601,-73.94085899871263,40.67991899941601,1936,4,9,"[40, 80, 173]",1936-04-09,40,80,173
8,65th St,08/19/1933,POINT (-73.8987883783301 40.74971952935675),E-M-R,"E-nights, R-all other times, M-weekdays and evenings",-73.8987883783301 40.74971952935675,40.74971952935675,-73.8987883783301,40.74971952935675,1933,8,19,"[252, 204, 10]",1933-08-19,252,204,10
9,36th St,08/19/1933,POINT (-73.92901818461539 40.75196004401078),E-M-R,"E-nights, R-all other times, M-weekdays and evenings",-73.92901818461539 40.75196004401078,40.75196004401078,-73.92901818461539,40.75196004401078,1933,8,19,"[252, 204, 10]",1933-08-19,252,204,10
10,Delancey St - Essex St,09/16/1908,POINT (-73.98740940202974 40.71830605618619),J-M-Z,"J-all times, M-all times exc nights, Z-rush hours AM westbound, PM eastbound",-73.98740940202974 40.71830605618619,40.71830605618619,-73.98740940202974,40.71830605618619,1908,9,16,"[153, 102, 51]",1908-09-16,153,102,51
11,Van Siclen Ave,12/03/1885,POINT (-73.89165772702445 40.67802821447783),J-Z,"Z-rush hours AM westbound, PM eastbound, J-all other times",-73.89165772702445 40.67802821447783,40.67802821447783,-73.89165772702445,40.67802821447783,1885,12,3,"[153, 102, 51]",1885-12-03,153,102,51
12,Norwood Ave,06/30/1893,POINT (-73.87962599910783 40.68152000045683),J-Z,"Z-rush hours AM westbound, PM eastbound, J-all other times",-73.87962599910783 40.68152000045683,40.68152000045683,-73.87962599910783,40.68152000045683,1893,6,30,"[153, 102, 51]",1893-06-30,153,102,51
13,104th-102nd Sts,05/28/1917,POINT (-73.84443500029684 40.69516599823373),J-Z,"Z-rush hours AM westbound, PM eastbound, J-all other times",-73.84443500029684 40.69516599823373,40.695165998233726,-73.84443500029684,40.695165998233726,1917,5,28,"[153, 102, 51]",1917-05-28,153,102,51
14,DeKalb Ave,06/22/1915,POINT (-73.98177094440949 40.690648119969794),B-D-N-Q-R,"B-weekdays and evenings, D-all other times, N-nights, R-all other times, Q-all times",-73.98177094440949 40.690648119969794,40.69064811996979,-73.98177094440949,40.69064811996979,1915,6,22,"[252, 204, 10]",1915-06-22,252,204,10
15,Beach 105th St,06/28/1956,POINT (-73.82758075034528 40.58326843810286),A-S,"A-rush hours AM northbound, PM southbound, S Broad Channel to Rockaway Park-all times",-73.82758075034528 40.58326843810286,40.58326843810286,-73.82758075034528,40.58326843810286,1956,6,28,"[128, 129, 131]",1956-06-28,128,129,131
16,Beach 90th St,06/28/1956,POINT (-73.81365140419632 40.58809156457325),A-S,"A-rush hours AM northbound, PM southbound, S Broad Channel to Rockaway Park-all times",-73.81365140419632 40.58809156457325,40.58809156457325,-73.8136514041963,40.58809156457325,1956,6,28,"[128, 129, 131]",1956-06-28,128,129,131
17,Freeman St,11/26/1904,POINT (-73.89175225349464 40.829987446384116),2-5,"2-all times, 5-all times exc nights, skips rush hours AM southbound, PM northbound",-73.89175225349464 40.829987446384116,40.829987446384116,-73.89175225349464,40.829987446384116,1904,11,26,"[0, 147, 60]",1904-11-26,0,147,60
18,Intervale Ave,04/30/1910,POINT (-73.89661738461646 40.822142131170786),2-5,"2-all times, 5-all times exc nights, skips rush hours AM southbound, PM northbound",-73.89661738461646 40.822142131170786,40.822142131170786,-73.89661738461645,40.822142131170786,1910,4,30,"[0, 147, 60]",1910-04-30,0,147,60
19,182nd-183rd Sts,07/01/1933,POINT (-73.90074099998965 40.85609299881864),B-D,"B-rush hours, D-all times, skips rush hours AM southbound, PM northbound",-73.90074099998965 40.85609299881864,40.85609299881864,-73.90074099998965,40.85609299881864,1933,7,1,"[255, 99, 25]",1933-07-01,255,99,25
20,174th-175th Sts,07/01/1933,POINT (-73.91013600050078 40.84589999983414),B-D,"B-rush hours, D-all times, skips rush hours AM southbound, PM northbound",-73.91013600050078 40.84589999983414,40.84589999983414,-73.91013600050078,40.84589999983414,1933,7,1,"[255, 99, 25]",1933-07-01,255,99,25
21,167th St,07/01/1933,POINT (-73.91843200082253 40.83376899862797),B-D,"B-rush hours, D-all times, skips rush hours AM southbound, PM northbound",-73.91843200082253 40.83376899862797,40.83376899862797,-73.91843200082253,40.83376899862797,1933,7,1,"[255, 99, 25]",1933-07-01,255,99,25
22,Mets - Willets Point,05/14/1927,POINT (-73.8456249984179 40.75462199881262),7-7 Express,"7-all times, 7 Express-rush hours AM westbound, PM eastbound",-73.8456249984179 40.75462199881262,40.75462199881262,-73.8456249984179,40.75462199881262,1927,5,14,"[185, 51, 173]",1927-05-14,185,51,173
23,Junction Blvd,04/21/1917,POINT (-73.86952700103515 40.74914499948836),7-7 Express,"7-all times, 7 Express-rush hours AM westbound, PM eastbound",-73.86952700103515 40.74914499948836,40.74914499948836,-73.86952700103515,40.74914499948836,1917,4,21,"[185, 51, 173]",1917-04-21,185,51,173
24,Flushing - Main St,01/21/1928,POINT (-73.83003000262508 40.75959999915012),7-7 Express,"7-all times, 7 Express-rush hours AM westbound, PM eastbound",-73.83003000262508 40.75959999915012,40.75959999915012,-73.83003000262508,40.75959999915012,1928,1,21,"[185, 51, 173]",1928-01-21,185,51,173
25,Buhre Ave,12/20/1920,POINT (-73.83256900003744 40.846809998885504),6-6 Express,"6 Express-weekdays AM southbound, PM northbound, 6-all other times",-73.83256900003744 40.846809998885504,40.846809998885504,-73.83256900003744,40.846809998885504,1920,12,20,"[0, 147, 60]",1920-12-20,0,147,60
26,3rd Ave - 138th St,08/01/1918,POINT (-73.92613800014134 40.81047600117261),6-6 Express,"6-all times, 6 Express-weekdays AM southbound, PM northbound",-73.92613800014134 40.81047600117261,40.81047600117261,-73.92613800014135,40.81047600117261,1918,8,1,"[0, 147, 60]",1918-08-01,0,147,60
27,Castle Hill Ave,10/24/1920,POINT (-73.85122199961472 40.83425499825462),6-6 Express,"6 Express-weekdays AM southbound, PM northbound, 6-all other times",-73.85122199961472 40.83425499825462,40.83425499825462,-73.85122199961472,40.83425499825462,1920,10,24,"[0, 147, 60]",1920-10-24,0,147,60
28,Brooklyn Bridge - City Hall,10/27/1904,POINT (-74.0041310005885 40.713064999433136),4-5-6-6 Express,"4,6-all times, 5-all times exc nights, 6 Express-weekdays AM southbound, PM northbound",-74.0041310005885 40.713064999433136,40.71306499943313,-74.0041310005885,40.71306499943313,1904,10,27,"[0, 147, 60]",1904-10-27,0,147,60
29,Zerega Ave,10/24/1920,POINT (-73.8470359987544 40.836488000608156),6-6 Express,"6 Express-weekdays AM southbound, PM northbound, 6-all other times",-73.8470359987544 40.836488000608156,40.836488000608156,-73.84703599875441,40.836488000608156,1920,10,24,"[0, 147, 60]",1920-10-24,0,147,60
30,Grand Central - 42nd St,07/17/1918,POINT (-73.9767132992584 40.75180742981634),4-5-6-6 Express,"4,6-all times, 5-all times exc nights, 6 Express-weekdays AM southbound, PM northbound",-73.9767132992584 40.75180742981634,40.75180742981634,-73.9767132992584,40.75180742981634,1918,7,17,"[0, 147, 60]",1918-07-17,0,147,60
31,33rd St,10/27/1904,POINT (-73.98207600148947 40.74608099909145),4-6-6 Express,"4 nights, 6-all times, 6 Express-weekdays AM southbound, PM northbound",-73.98207600148947 40.74608099909145,40.746080999091454,-73.98207600148947,40.746080999091454,1904,10,27,"[0, 147, 60]",1904-10-27,0,147,60
32,96th St,07/17/1918,POINT (-73.9510700015425 40.78567199998607),4-6-6 Express,"4 nights, 6-all times, 6 Express-weekdays AM southbound, PM northbound",-73.9510700015425 40.78567199998607,40.78567199998607,-73.9510700015425,40.78567199998607,1918,7,17,"[0, 147, 60]",1918-07-17,0,147,60
33,77th St,07/17/1918,POINT (-73.95987399886047 40.77362000074615),4-6-6 Express,"4 nights, 6-all times, 6 Express-weekdays AM southbound, PM northbound",-73.95987399886047 40.77362000074615,40.77362000074615,-73.95987399886046,40.77362000074615,1918,7,17,"[0, 147, 60]",1918-07-17,0,147,60
34,Chauncey St,12/21/1916,POINT (-73.91038357033376 40.68285130087804),J-Z,"Z-rush hours AM westbound, PM eastbound, J-all other times",-73.91038357033376 40.68285130087804,40.68285130087804,-73.91038357033376,40.68285130087804,1916,12,21,"[153, 102, 51]",1916-12-21,153,102,51
35,Union St,06/22/1915,POINT (-73.98310999909673 40.67731566735096),D-N-R,"D,N-nights, R-all other times",-73.98310999909673 40.67731566735096,40.67731566735096,-73.98310999909674,40.67731566735096,1915,6,22,"[252, 204, 10]",1915-06-22,252,204,10
36,Elmhurst Ave,12/31/1936,POINT (-73.8820347465864 40.74237007972169),E-M-R,"E-nights, R-all other times, M-weekdays and evenings",-73.8820347465864 40.74237007972169,40.74237007972169,-73.88203474658641,40.74237007972169,1936,12,31,"[252, 204, 10]",1936-12-31,252,204,10
37,Ralph Ave,04/09/1936,POINT (-73.92078599933306 40.678822000873375),A-C,"A-nights, C-all other times",-73.92078599933306 40.678822000873375,40.678822000873375,-73.92078599933306,40.678822000873375,1936,4,9,"[40, 80, 173]",1936-04-09,40,80,173
38,Pelham Pkwy,03/03/1917,POINT (-73.86748067850041 40.8571924091606),2-5,"2-all times, 5-rush hours AM southbound, PM northbound",-73.86748067850041 40.8571924091606,40.8571924091606,-73.8674806785004,40.8571924091606,1917,3,3,"[0, 147, 60]",1917-03-03,0,147,60
39,Gun Hill Rd,03/03/1917,POINT (-73.86613410538703 40.877839385172024),2-5,"2-all times, 5-rush hours AM southbound, PM northbound",-73.86613410538703 40.877839385172024,40.87783938517202,-73.86613410538703,40.87783938517202,1917,3,3,"[0, 147, 60]",1917-03-03,0,147,60
40,Nereid Ave (238 St),03/03/1917,POINT (-73.8543153107622 40.898286515575286),2-5,"2-all times, 5-rush hours AM southbound, PM northbound",-73.8543153107622 40.898286515575286,40.89828651557529,-73.8543153107622,40.89828651557529,1917,3,3,"[0, 147, 60]",1917-03-03,0,147,60
41,Franklin Ave,08/23/1920,POINT (-73.9580997367769 40.67076515344894),2-3-4-5,"2,4-all times, 3-all times exc nights, 5-weekdays",-73.9580997367769 40.67076515344894,40.67076515344894,-73.9580997367769,40.67076515344894,1920,8,23,"[0, 147, 60]",1920-08-23,0,147,60
42,Simpson St,11/26/1904,POINT (-73.89306639507903 40.823976841237396),2-5,"2-all times, 5-all times exc nights, skips rush hours AM southbound, PM northbound",-73.89306639507903 40.823976841237396,40.823976841237396,-73.89306639507903,40.823976841237396,1904,11,26,"[0, 147, 60]",1904-11-26,0,147,60
43,Bronx Park East,03/03/1917,POINT (-73.86835609178098 40.848768666338934),2-5,"2-all times, 5-rush hours AM southbound, PM northbound",-73.86835609178098 40.848768666338934,40.84876866633893,-73.86835609178098,40.84876866633893,1917,3,3,"[0, 147, 60]",1917-03-03,0,147,60
44,Winthrop St,08/23/1920,POINT (-73.95007934590994 40.65665931376077),2-5,"2-all times, 5-weekdays",-73.95007934590994 40.65665931376077,40.65665931376077,-73.95007934590994,40.65665931376077,1920,8,23,"[0, 147, 60]",1920-08-23,0,147,60
45,Van Siclen Ave,10/16/1922,POINT (-73.88940491730106 40.665517963059635),3-4,"4-nights, 3-all other times",-73.88940491730106 40.665517963059635,40.66551796305964,-73.88940491730106,40.66551796305964,1922,10,16,"[0, 147, 60]",1922-10-16,0,147,60
46,149th St - Grand Concourse,06/02/1917,POINT (-73.9273847542618 40.81830344372315),4,4-all times,-73.9273847542618 40.81830344372315,40.81830344372315,-73.9273847542618,40.81830344372315,1917,6,2,"[0, 147, 60]",1917-06-02,0,147,60
47,161st St - Yankee Stadium,06/02/1917,POINT (-73.92569199505733 40.82823032742169),4,4-all times,-73.92569199505733 40.82823032742169,40.828230327421686,-73.92569199505732,40.828230327421686,1917,6,2,"[0, 147, 60]",1917-06-02,0,147,60
48,Lexington Ave - 59th St,07/17/1918,POINT (-73.9679670004732 40.762526000304575),4-5-6-6 Express,"4,6-all times, 5-all times exc nights, 6 Express-weekdays AM southbound, PM northbound",-73.9679670004732 40.762526000304575,40.76252600030458,-73.96796700047321,40.76252600030458,1918,7,17,"[0, 147, 60]",1918-07-17,0,147,60
49,E 149th St,01/08/1919,POINT (-73.90409799875945 40.81211799827203),6,6-all times,-73.90409799875945 40.81211799827203,40.81211799827203,-73.90409799875945,40.81211799827203,1919,1,8,"[0, 147, 60]",1919-01-08,0,147,60
50,Morrison Av - Soundview,05/30/1920,POINT (-73.87451599929486 40.82952100156747),6,6-all times,-73.87451599929486 40.82952100156747,40.82952100156747,-73.87451599929486,40.82952100156747,1920,5,30,"[0, 147, 60]",1920-05-30,0,147,60
51,Whitlock Ave,05/30/1920,POINT (-73.8862829985325 40.82652500055904),6,6-all times,-73.8862829985325 40.82652500055904,40.82652500055904,-73.8862829985325,40.82652500055904,1920,5,30,"[0, 147, 60]",1920-05-30,0,147,60
52,St Lawrence Ave,05/30/1920,POINT (-73.86761799923673 40.8315090005233),6,6-all times,-73.86761799923673 40.8315090005233,40.8315090005233,-73.86761799923674,40.8315090005233,1920,5,30,"[0, 147, 60]",1920-05-30,0,147,60
53,Woodside - 61st St,04/21/1917,POINT (-73.90298400173006 40.745630001138395),7-7 Express,"7-all times, 7 Express-rush hours AM westbound, PM eastbound",-73.90298400173006 40.745630001138395,40.745630001138395,-73.90298400173006,40.745630001138395,1917,4,21,"[185, 51, 173]",1917-04-21,185,51,173
54,Far Rockaway - Mott Ave,01/16/1958,POINT (-73.75540499924732 40.603995001687544),A,A-all times,-73.75540499924732 40.603995001687544,40.60399500168753,-73.75540499924732,40.60399500168753,1958,1,16,"[40, 80, 173]",1958-01-16,40,80,173
55,72nd St,09/10/1932,POINT (-73.976336575218 40.77551939729258),A-B-C,"A-nights, B-weekdays and evenings, C-all times exc nights",-73.976336575218 40.77551939729258,40.77551939729258,-73.976336575218,40.77551939729258,1932,9,10,"[255, 99, 25]",1932-09-10,255,99,25
56,96th St,09/10/1932,POINT (-73.96460245687166 40.79161879767014),A-B-C,"A-nights, B-weekdays and evenings, C-all times exc nights",-73.96460245687166 40.79161879767014,40.79161879767014,-73.96460245687165,40.79161879767014,1932,9,10,"[255, 99, 25]",1932-09-10,255,99,25
57,168th St,09/10/1932,POINT (-73.93956099985425 40.84071899990795),A-C,"A-all times, C-all times exc nights",-73.93956099985425 40.84071899990795,40.84071899990795,-73.93956099985425,40.84071899990795,1932,9,10,"[40, 80, 173]",1932-09-10,40,80,173
58,Kingsbridge Rd,07/01/1933,POINT (-73.8935090000331 40.86697799999945),B-D,"B-rush hours, D-all times",-73.8935090000331 40.86697799999945,40.86697799999945,-73.89350900003309,40.86697799999945,1933,7,1,"[255, 99, 25]",1933-07-01,255,99,25
59,42nd St - Bryant Pk,12/15/1940,POINT (-73.98459099904711 40.754184001312545),B-D-F-M,"B,M-weekdays and evenings, D,F-all times",-73.98459099904711 40.754184001312545,40.754184001312545,-73.98459099904711,40.754184001312545,1940,12,15,"[255, 99, 25]",1940-12-15,255,99,25
60,Prospect Park,09/26/1919,POINT (-73.96203130426609 40.6616334551018),B-Q-S,"B-weekdays and evenings, Q,S to Franklin Av-Fulton St-all times",-73.96203130426609 40.6616334551018,40.66163345510179,-73.96203130426609,40.66163345510179,1919,9,26,"[128, 129, 131]",1919-09-26,128,129,131
61,55th St,06/24/1916,POINT (-73.99534882595742 40.63147876093745),D,D-all times,-73.99534882595742 40.63147876093745,40.631478760937455,-73.99534882595742,40.631478760937455,1916,6,24,"[255, 99, 25]",1916-06-24,255,99,25
62,Jamaica - Van Wyck,12/11/1988,POINT (-73.81701287135405 40.70289855287313),E,E-all times,-73.81701287135405 40.70289855287313,40.70289855287314,-73.81701287135405,40.70289855287314,1988,12,11,"[40, 80, 173]",1988-12-11,40,80,173
63,Kew Gardens - Union Tpke,12/31/1936,POINT (-73.8303702709878 40.714034819571026),E-F,"E,F-all times",-73.8303702709878 40.714034819571026,40.71403481957103,-73.8303702709878,40.71403481957103,1936,12,31,"[255, 99, 25]",1936-12-31,255,99,25
64,Sutphin Blvd - Archer Av,12/11/1988,POINT (-73.80800471963833 40.700382424235),E-J-Z,"E,J-all times, Z-rush hours AM westbound, PM eastbound",-73.80800471963833 40.700382424235,40.700382424235,-73.80800471963833,40.700382424235,1988,12,11,"[153, 102, 51]",1988-12-11,153,102,51
65,Court Sq - 23rd St,08/28/1939,POINT (-73.94605470266329 40.747768121414325),E-M,"E-all times, M-weekdays and evenings",-73.94605470266329 40.747768121414325,40.747768121414325,-73.9460547026633,40.747768121414325,1939,8,28,"[255, 99, 25]",1939-08-28,255,99,25
66,67th Ave,12/31/1936,POINT (-73.85286048434907 40.726505475813006),E-M-R,"E-nights, R-all other times, M-weekdays and evenings",-73.85286048434907 40.726505475813006,40.726505475813006,-73.85286048434907,40.726505475813006,1936,12,31,"[252, 204, 10]",1936-12-31,252,204,10
67,Grand Ave - Newtown,12/31/1936,POINT (-73.87722085669182 40.736813418197144),E-M-R,"E-nights, R-all other times, M-weekdays and evenings",-73.87722085669182 40.736813418197144,40.73681341819713,-73.87722085669179,40.73681341819713,1936,12,31,"[252, 204, 10]",1936-12-31,252,204,10
68,Ditmas Ave,03/16/1919,POINT (-73.97817199965161 40.63611866666291),F,F-all times,-73.97817199965161 40.63611866666291,40.63611866666291,-73.97817199965161,40.63611866666291,1919,3,16,"[255, 99, 25]",1919-03-16,255,99,25
69,Classon Ave,07/01/1937,POINT (-73.95999000137212 40.68888900026455),G,G-all times,-73.95999000137212 40.68888900026455,40.68888900026455,-73.95999000137213,40.68888900026455,1937,7,1,"[108, 190, 69]",1937-07-01,108,190,69
70,Broadway,07/01/1937,POINT (-73.95031225606621 40.706126576274166),G,G-all times,-73.95031225606621 40.706126576274166,40.70612657627417,-73.95031225606621,40.70612657627417,1937,7,1,"[108, 190, 69]",1937-07-01,108,190,69
71,Lorimer St,06/30/1924,POINT (-73.95024799996972 40.71407200064717),L,L-all times,-73.95024799996972 40.71407200064717,40.71407200064717,-73.95024799996972,40.71407200064717,1924,6,30,"[167, 169, 172]",1924-06-30,167,169,172
72,Sutter Ave,07/28/1906,POINT (-73.9019160004208 40.66914500061398),L,L-all times,-73.9019160004208 40.66914500061398,40.66914500061397,-73.9019160004208,40.66914500061397,1906,7,28,"[167, 169, 172]",1906-07-28,167,169,172
73,Wilson Ave,07/14/1928,POINT (-73.90395860491864 40.68886654246024),L,L-all times,-73.90395860491864 40.68886654246024,40.68886654246024,-73.90395860491864,40.68886654246024,1928,7,14,"[167, 169, 172]",1928-07-14,167,169,172
74,Halsey St,12/21/1916,POINT (-73.9166388842194 40.686415270704344),J,J-all times,-73.9166388842194 40.686415270704344,40.68641527070434,-73.91663888421941,40.68641527070434,1916,12,21,"[153, 102, 51]",1916-12-21,153,102,51
75,Lorimer St,01/17/1916,POINT (-73.94735499884204 40.703844000042096),J-M,"J-all times, skips weekdays AM westbound, PM eastbound, M-all times exc nights",-73.94735499884204 40.703844000042096,40.703844000042096,-73.94735499884204,40.703844000042096,1916,1,17,"[153, 102, 51]",1916-01-17,153,102,51
76,8th Ave,06/22/1915,POINT (-74.01151599772157 40.634970999647166),N,N-all times,-74.01151599772157 40.634970999647166,40.63497099964717,-74.01151599772157,40.63497099964717,1915,6,22,"[252, 204, 10]",1915-06-22,252,204,10
77,36th Ave,02/01/1917,POINT (-73.929861999118 40.7564420005104),N-W,"N-all times, W part time",-73.929861999118 40.7564420005104,40.7564420005104,-73.929861999118,40.7564420005104,1917,2,1,"[252, 204, 10]",1917-02-01,252,204,10
78,Broadway,02/01/1917,POINT (-73.92582299919906 40.761431998800546),N-W,"N-all times, W part time",-73.92582299919906 40.761431998800546,40.761431998800546,-73.92582299919907,40.761431998800546,1917,2,1,"[252, 204, 10]",1917-02-01,252,204,10
79,Times Sq - 42nd St,01/05/1918,POINT (-73.98676800153976 40.75461199851542),N-Q-R-W,"N,Q-all times, R-all times exc nights, W part time",-73.98676800153976 40.75461199851542,40.75461199851542,-73.98676800153976,40.75461199851542,1918,1,5,"[252, 204, 10]",1918-01-05,252,204,10
80,Grand Central - 42nd St,10/27/1904,POINT (-73.97918899989101 40.75276866674217),S,"S to Times Sq-all times exc nights, closed nights-use 7",-73.97918899989101 40.75276866674217,40.75276866674217,-73.97918899989101,40.75276866674217,1904,10,27,"[128, 129, 131]",1904-10-27,128,129,131
81,Park Pl,06/19/1899,POINT (-73.95762400074634 40.67477166685263),S,S Franklin Av-Fulton St to Prospect Park-all times,-73.95762400074634 40.67477166685263,40.67477166685264,-73.95762400074635,40.67477166685264,1899,6,19,"[128, 129, 131]",1899-06-19,128,129,131
82,111th St,04/29/1956,POINT (-73.83216299845388 40.68433100001238),A-S,"S Euclid Av to Ozone Park-Lefferts Blvd-nights, A-all other times",-73.83216299845388 40.68433100001238,40.68433100001239,-73.83216299845388,40.68433100001239,1956,4,29,"[128, 129, 131]",1956-04-29,128,129,131
83,W 4th St - Washington Sq (Lower),09/10/1932,POINT (-74.00030814755975 40.732254493367876),B-D-F-M,"B,M-weekdays and evenings, D,F-all times",-74.00030814755975 40.732254493367876,40.73225449336788,-74.00030814755975,40.73225449336788,1932,9,10,"[255, 99, 25]",1932-09-10,255,99,25
84,51st St,07/17/1918,POINT (-73.97192000069982 40.75710699989316),4-6-6 Express,"4 nights, 6-all times, 6 Express-weekdays AM southbound, PM northbound",-73.97192000069982 40.75710699989316,40.75710699989315,-73.97192000069981,40.75710699989315,1918,7,17,"[0, 147, 60]",1918-07-17,0,147,60
85,86th St,10/27/1904,POINT (-73.97621799859327 40.78864400073892),1-2,"1-all times, 2-nights",-73.97621799859327 40.78864400073892,40.78864400073892,-73.97621799859327,40.78864400073892,1904,10,27,"[238, 53, 46]",1904-10-27,238,53,46
86,233rd St,03/31/1917,POINT (-73.85736239521543 40.89314324138378),2-5,"2-all times, 5-rush hours AM southbound, PM northbound",-73.85736239521543 40.89314324138378,40.89314324138378,-73.85736239521543,40.89314324138378,1917,3,31,"[0, 147, 60]",1917-03-31,0,147,60
87,66th St - Lincoln Ctr,10/27/1904,POINT (-73.98220899995783 40.77344000052039),1-2,"1-all times, 2-nights",-73.98220899995783 40.77344000052039,40.77344000052039,-73.98220899995783,40.77344000052039,1904,10,27,"[238, 53, 46]",1904-10-27,238,53,46
88,Hunts POINT Ave,01/08/1919,POINT (-73.89054900017344 40.82094799852307),6-6 Express,"6-all times, 6 Express-weekdays AM southbound, PM northbound",-73.89054900017344 40.82094799852307,40.82094799852307,-73.89054900017344,40.82094799852307,1919,1,8,"[0, 147, 60]",1919-01-08,0,147,60
89,Canal St,07/01/1918,POINT (-74.0062770001748 40.72285399778783),1-2,"1-all times, 2-nights",-74.0062770001748 40.72285399778783,40.72285399778783,-74.0062770001748,40.72285399778783,1918,7,1,"[238, 53, 46]",1918-07-01,238,53,46
90,Middletown Rd,12/20/1920,POINT (-73.83632199755944 40.84386300128381),6-6 Express,"6 Express-weekdays AM southbound, PM northbound, 6-all other times",-73.83632199755944 40.84386300128381,40.843863001283815,-73.83632199755944,40.843863001283815,1920,12,20,"[0, 147, 60]",1920-12-20,0,147,60
91,23rd St,10/27/1904,POINT (-73.98659900207888 40.739864000474604),4-6-6 Express,"4 nights, 6-all times, 6 Express-weekdays AM southbound, PM northbound",-73.98659900207888 40.739864000474604,40.73986400047461,-73.98659900207888,40.73986400047461,1904,10,27,"[0, 147, 60]",1904-10-27,0,147,60
92,Court Sq,11/05/1916,POINT (-73.94526400039679 40.74702299889643),7-7 Express,"7-all times, 7 Express-rush hours AM westbound, PM eastbound",-73.94526400039679 40.74702299889643,40.74702299889643,-73.94526400039679,40.74702299889643,1916,11,5,"[185, 51, 173]",1916-11-05,185,51,173
93,59th St - Columbus Circle,10/27/1904,POINT (-73.98192900232715 40.76824700063689),1-2,"1-all times, 2-nights",-73.98192900232715 40.76824700063689,40.76824700063689,-73.98192900232715,40.76824700063689,1904,10,27,"[238, 53, 46]",1904-10-27,238,53,46
94,Hunters Point Ave,02/15/1916,POINT (-73.9489160009391 40.74221599986316),7-7 Express,"7-all times, 7 Express-rush hours AM westbound, PM eastbound",-73.9489160009391 40.74221599986316,40.742215999863156,-73.9489160009391,40.742215999863156,1916,2,15,"[185, 51, 173]",1916-02-15,185,51,173
95,23rd St,07/01/1918,POINT (-73.9956570016487 40.74408099989751),1-2,"1-all times, 2-nights",-73.9956570016487 40.74408099989751,40.744080999897506,-73.99565700164871,40.744080999897506,1918,7,1,"[238, 53, 46]",1918-07-01,238,53,46
96,Houston St,07/01/1918,POINT (-74.00536700180581 40.728251000730204),1-2,"1-all times, 2-nights",-74.00536700180581 40.728251000730204,40.72825100073021,-74.00536700180581,40.72825100073021,1918,7,1,"[238, 53, 46]",1918-07-01,238,53,46
97,104th St,04/29/1956,POINT (-73.83768300060997 40.681711001091195),A-S,"S Euclid Av to Ozone Park-Lefferts Blvd-nights, A-all other times",-73.83768300060997 40.681711001091195,40.6817110010912,-73.83768300060997,40.6817110010912,1956,4,29,"[128, 129, 131]",1956-04-29,128,129,131
98,Broad Channel,06/28/1956,POINT (-73.81583268782963 40.60840218069683),A-S,"A,S to Rockaway Park-all times",-73.81583268782963 40.60840218069683,40.60840218069683,-73.81583268782963,40.60840218069683,1956,6,28,"[128, 129, 131]",1956-06-28,128,129,131
99,Ocean Pkwy,04/22/1917,POINT (-73.96850099975177 40.57631166708091),Q,Q-all times,-73.96850099975177 40.57631166708091,40.57631166708091,-73.96850099975177,40.57631166708091,1917,4,22,"[252, 204, 10]",1917-04-22,252,204,10
100,Vernon Blvd - Jackson Ave,06/22/1915,POINT (-73.95358099875249 40.74262599969749),7-7 Express,"7-all times, 7 Express-rush hours AM westbound, PM eastbound",-73.95358099875249 40.74262599969749,40.742625999697495,-73.95358099875249,40.742625999697495,1915,6,22,"[185, 51, 173]",1915-06-22,185,51,173
101,68th St - Hunter College,07/17/1918,POINT (-73.96387000158042 40.76814100049679),4-6-6 Express,"4 nights, 6-all times, 6 Express-weekdays AM southbound, PM northbound",-73.96387000158042 40.76814100049679,40.76814100049679,-73.96387000158042,40.76814100049679,1918,7,17,"[0, 147, 60]",1918-07-17,0,147,60
102,Queensboro Plz,11/05/1916,POINT (-73.9401635351909 40.750635651014804),7-7 Express-N-W,"7,N-all times, 7 Express-rush hours AM westbound, PM eastbound, W part time",-73.9401635351909 40.750635651014804,40.7506356510148,-73.9401635351909,40.7506356510148,1916,11,5,"[185, 51, 173]",1916-11-05,185,51,173
103,Rockaway Blvd,04/29/1956,POINT (-73.8438529979573 40.680428999588415),A-S,"A-all times, S Euclid Av to Ozone Park-Lefferts Blvd-nights",-73.8438529979573 40.680428999588415,40.680428999588415,-73.8438529979573,40.680428999588415,1956,4,29,"[128, 129, 131]",1956-04-29,128,129,131
104,Union Sq - 14th St,10/27/1904,POINT (-73.98995099881881 40.734673000996125),4-5-6-6 Express,"4,6-all times, 5-all times exc nights, 6 Express-weekdays AM southbound, PM northbound",-73.98995099881881 40.734673000996125,40.73467300099613,-73.98995099881881,40.73467300099613,1904,10,27,"[0, 147, 60]",1904-10-27,0,147,60
105,Bedford - Nostrand Aves,07/01/1937,POINT (-73.95352200064022 40.68962700158444),G,G-all times,-73.95352200064022 40.68962700158444,40.68962700158444,-73.95352200064022,40.68962700158444,1937,7,1,"[108, 190, 69]",1937-07-01,108,190,69
106,15th St - Prospect Park,10/07/1933,POINT (-73.97973580592873 40.66003568810021),F-G,"F,G-all times",-73.97973580592873 40.66003568810021,40.66003568810021,-73.97973580592874,40.66003568810021,1933,10,7,"[108, 190, 69]",1933-10-07,108,190,69
107,7th Ave,10/07/1933,POINT (-73.98025117900944 40.66624469001985),F-G,"F,G-all times",-73.98025117900944 40.66624469001985,40.66624469001985,-73.98025117900944,40.66624469001985,1933,10,7,"[108, 190, 69]",1933-10-07,108,190,69
108,Ft Hamilton Pkwy,10/07/1933,POINT (-73.97577599917474 40.65078166803418),F-G,"F,G-all times",-73.97577599917474 40.65078166803418,40.650781668034185,-73.97577599917474,40.650781668034185,1933,10,7,"[108, 190, 69]",1933-10-07,108,190,69
109,Church Ave,10/07/1933,POINT (-73.97972116229084 40.64427200012998),F-G,"F,G-all times",-73.97972116229084 40.64427200012998,40.644272000129966,-73.97972116229084,40.644272000129966,1933,10,7,"[108, 190, 69]",1933-10-07,108,190,69
110,Beverly Rd,01/01/1907,POINT (-73.96435779623125 40.64390459860419),Q,Q-all times,-73.96435779623125 40.64390459860419,40.64390459860419,-73.96435779623125,40.64390459860419,1907,1,1,"[252, 204, 10]",1907-01-01,252,204,10
111,Church Ave,09/26/1919,POINT (-73.96288246192114 40.65049324646484),B-Q,"B-weekdays and evenings, Q-all times",-73.96288246192114 40.65049324646484,40.65049324646484,-73.96288246192114,40.65049324646484,1919,9,26,"[252, 204, 10]",1919-09-26,252,204,10
112,Newkirk Ave,01/01/1907,POINT (-73.96269486837261 40.63514193733789),B-Q,"B-weekdays and evenings, Q-all times",-73.96269486837261 40.63514193733789,40.63514193733789,-73.96269486837261,40.63514193733789,1907,1,1,"[252, 204, 10]",1907-01-01,252,204,10
113,Parkside Ave,09/26/1919,POINT (-73.96145343987648 40.65507304163716),Q,Q-all times,-73.96145343987648 40.65507304163716,40.65507304163716,-73.96145343987648,40.65507304163716,1919,9,26,"[252, 204, 10]",1919-09-26,252,204,10
114,Grand Army Plaza,10/10/1920,POINT (-73.9709563319228 40.6752946951032),2-3-4,"4-nights, 3-all other times, 2-all times",-73.9709563319228 40.6752946951032,40.675294695103204,-73.97095633192279,40.675294695103204,1920,10,10,"[0, 147, 60]",1920-10-10,0,147,60
115,Atlantic Av - Barclay's Center,05/01/1908,POINT (-73.97754993539385 40.68442016526762),2-3-4-5,"2,4-all times, 3-all times exc nights, 5-weekdays",-73.97754993539385 40.68442016526762,40.68442016526762,-73.97754993539385,40.68442016526762,1908,5,1,"[0, 147, 60]",1908-05-01,0,147,60
116,Rockaway Ave,04/09/1936,POINT (-73.91194599726617 40.678339999883505),A-C,"A-nights, C-all other times",-73.91194599726617 40.678339999883505,40.67833999988351,-73.91194599726617,40.67833999988351,1936,4,9,"[40, 80, 173]",1936-04-09,40,80,173
117,Fulton St,07/01/1937,POINT (-73.97537499833149 40.68711899950771),G,G-all times,-73.97537499833149 40.68711899950771,40.68711899950771,-73.97537499833147,40.68711899950771,1937,7,1,"[108, 190, 69]",1937-07-01,108,190,69
118,Clinton - Washington Aves,07/01/1937,POINT (-73.9667959986695 40.68809400106055),G,G-all times,-73.9667959986695 40.68809400106055,40.68809400106055,-73.9667959986695,40.68809400106055,1937,7,1,"[108, 190, 69]",1937-07-01,108,190,69
119,7th Ave,08/01/1920,POINT (-73.97285279191024 40.67710217983294),B-Q,"B-weekdays and evenings, Q-all times",-73.97285279191024 40.67710217983294,40.677102179832936,-73.97285279191024,40.677102179832936,1920,8,1,"[252, 204, 10]",1920-08-01,252,204,10
120,Atlantic Av - Barclay's Center,08/01/1920,POINT (-73.97678343963167 40.684488323453685),B-Q,"B-weekdays and evenings, Q-all times",-73.97678343963167 40.684488323453685,40.684488323453685,-73.97678343963167,40.684488323453685,1920,8,1,"[252, 204, 10]",1920-08-01,252,204,10
121,Atlantic Av - Barclay's Center,06/22/1915,POINT (-73.97880999956767 40.683665667279435),D-N-Q-R,"D,N-all times, R-all times exc nights",-73.97880999956767 40.683665667279435,40.68366566727944,-73.97880999956767,40.68366566727944,1915,6,22,"[252, 204, 10]",1915-06-22,252,204,10
122,Borough Hall,01/09/1908,POINT (-73.99015100090539 40.692403999991036),4-5,"4-all times, 5-weekdays",-73.99015100090539 40.692403999991036,40.69240399999104,-73.99015100090539,40.69240399999104,1908,1,9,"[0, 147, 60]",1908-01-09,0,147,60
123,Aqueduct Racetrack,06/28/1956,POINT (-73.83591899965162 40.672096999172844),A,"A-to Manhattan only, racing days only",-73.83591899965162 40.672096999172844,40.67209699917285,-73.83591899965162,40.67209699917285,1956,6,28,"[40, 80, 173]",1956-06-28,40,80,173
124,Morris Park,05/15/1941,POINT (-73.86049500117254 40.85436399966426),5,5-all times,-73.86049500117254 40.85436399966426,40.85436399966426,-73.86049500117254,40.85436399966426,1941,5,15,"[0, 147, 60]",1941-05-15,0,147,60
125,Pelham Pkwy,05/15/1941,POINT (-73.85535900043564 40.858984999820116),5,5-all times,-73.85535900043564 40.858984999820116,40.858984999820116,-73.85535900043564,40.858984999820116,1941,5,15,"[0, 147, 60]",1941-05-15,0,147,60
126,Nostrand Ave,04/09/1936,POINT (-73.95042600099683 40.68043800006226),A-C,"A-all times, C-all times exc nights",-73.95042600099683 40.68043800006226,40.68043800006225,-73.95042600099683,40.68043800006225,1936,4,9,"[40, 80, 173]",1936-04-09,40,80,173
127,Nevins St,05/01/1908,POINT (-73.98040679874578 40.68831058019022),2-3-4-5,"2,4-all times, 3-all times exc nights, 5-weekdays",-73.98040679874578 40.68831058019022,40.68831058019022,-73.98040679874579,40.68831058019022,1908,5,1,"[0, 147, 60]",1908-05-01,0,147,60
128,Eastern Pkwy - Bklyn Museum,10/10/1920,POINT (-73.96422203748425 40.67203223545925),2-3-4,"4-nights, 3-all other times, 2-all times",-73.96422203748425 40.67203223545925,40.67203223545925,-73.96422203748425,40.67203223545925,1920,10,10,"[0, 147, 60]",1920-10-10,0,147,60
129,Beverly Rd,08/23/1920,POINT (-73.94884798381702 40.64512351894373),2-5,"2-all times, 5-weekdays",-73.94884798381702 40.64512351894373,40.64512351894373,-73.94884798381702,40.64512351894373,1920,8,23,"[0, 147, 60]",1920-08-23,0,147,60
130,Church Ave,08/23/1920,POINT (-73.94945514035334 40.6508606878022),2-5,"2-all times, 5-weekdays",-73.94945514035334 40.6508606878022,40.65086068780221,-73.94945514035335,40.65086068780221,1920,8,23,"[0, 147, 60]",1920-08-23,0,147,60
131,Newkirk Ave,08/23/1920,POINT (-73.94829990822407 40.63999124275311),2-5,"2-all times, 5-weekdays",-73.94829990822407 40.63999124275311,40.63999124275311,-73.94829990822406,40.63999124275311,1920,8,23,"[0, 147, 60]",1920-08-23,0,147,60
132,Brooklyn College - Flatbush Ave,08/23/1920,POINT (-73.94754120734406 40.63284240700742),2-5,"2-all times, 5-weekdays",-73.94754120734406 40.63284240700742,40.63284240700742,-73.94754120734406,40.63284240700742,1920,8,23,"[0, 147, 60]",1920-08-23,0,147,60
133,Sterling St,08/23/1920,POINT (-73.95072891124937 40.6627729934283),2-5,"2-all times, 5-weekdays",-73.95072891124937 40.6627729934283,40.6627729934283,-73.95072891124937,40.6627729934283,1920,8,23,"[0, 147, 60]",1920-08-23,0,147,60
134,Crown Hts - Utica Ave,08/23/1920,POINT (-73.93293256081851 40.66897831107809),3-4,"3-all times exc nights, 4-all times",-73.93293256081851 40.66897831107809,40.66897831107809,-73.93293256081851,40.66897831107809,1920,8,23,"[0, 147, 60]",1920-08-23,0,147,60
135,Kingston Ave,08/23/1920,POINT (-73.94215978392963 40.66948144864978),3-4,"4-nights, 3-all other times",-73.94215978392963 40.66948144864978,40.66948144864978,-73.94215978392963,40.66948144864978,1920,8,23,"[0, 147, 60]",1920-08-23,0,147,60
136,Nassau Ave,08/19/1933,POINT (-73.95118300016523 40.724479997808274),G,G-all times,-73.95118300016523 40.724479997808274,40.724479997808274,-73.95118300016523,40.724479997808274,1933,8,19,"[108, 190, 69]",1933-08-19,108,190,69
137,Greenpoint Ave,08/19/1933,POINT (-73.95442500146235 40.73126699971465),G,G-all times,-73.95442500146235 40.73126699971465,40.73126699971465,-73.95442500146234,40.73126699971465,1933,8,19,"[108, 190, 69]",1933-08-19,108,190,69
138,Marcy Ave,09/16/1908,POINT (-73.95783200075729 40.708383000017925),J-M-Z,"J-all times, M-all times exc nights, Z-rush hours AM westbound, PM eastbound",-73.95783200075729 40.708383000017925,40.70838300001793,-73.95783200075729,40.70838300001793,1908,9,16,"[153, 102, 51]",1908-09-16,153,102,51
139,Hewes St,01/17/1916,POINT (-73.95348800038457 40.706889998054),J-M,"J-all times, skips weekdays AM westbound, PM eastbound, M-all times exc nights",-73.95348800038457 40.706889998054,40.706889998054,-73.95348800038455,40.706889998054,1916,1,17,"[153, 102, 51]",1916-01-17,153,102,51
140,138th St - Grand Concourse,07/17/1918,POINT (-73.92984899935611 40.81322399958908),4-5,"4-all times, skips rush hours AM southbound, PM northbound, 5-all times exc nights",-73.92984899935611 40.81322399958908,40.81322399958908,-73.92984899935611,40.81322399958908,1918,7,17,"[0, 147, 60]",1918-07-17,0,147,60
141,5th Ave - 53rd St,08/19/1933,POINT (-73.9752485052734 40.76008683231326),E-M,"E-all times, M-weekdays and evenings",-73.9752485052734 40.76008683231326,40.760086832313256,-73.97524850527341,40.760086832313256,1933,8,19,"[255, 99, 25]",1933-08-19,255,99,25
142,Lexington Ave - 53rd St,08/19/1933,POINT (-73.96907237490204 40.75746830782865),E-M,"E-all times, M-weekdays and evenings",-73.96907237490204 40.75746830782865,40.75746830782865,-73.96907237490205,40.75746830782865,1933,8,19,"[255, 99, 25]",1933-08-19,255,99,25
143,28th St,01/05/1918,POINT (-73.98869800128737 40.74545399979951),N-Q-R-W,"N-all times, R-all times exc nights, part time",-73.98869800128737 40.74545399979951,40.74545399979951,-73.98869800128737,40.74545399979951,1918,1,5,"[252, 204, 10]",1918-01-05,252,204,10
144,Herald Sq - 34th St,01/05/1918,POINT (-73.9879368338264 40.74964456009442),N-Q-R-W,"N,Q-all times, R-all times exc nights",-73.9879368338264 40.74964456009442,40.749644560094424,-73.98793683382641,40.749644560094424,1918,1,5,"[252, 204, 10]",1918-01-05,252,204,10
145,1st Ave,06/30/1924,POINT (-73.98168087489128 40.73097497580066),L,L-all times,-73.98168087489128 40.73097497580066,40.730974975800656,-73.98168087489128,40.730974975800656,1924,6,30,"[167, 169, 172]",1924-06-30,167,169,172
146,Times Sq - 42nd St,10/27/1904,POINT (-73.98622899953202 40.755983000570076),S,"S to Grand Central-all times exc nights, closed nights-use 7",-73.98622899953202 40.755983000570076,40.755983000570076,-73.98622899953202,40.755983000570076,1904,10,27,"[128, 129, 131]",1904-10-27,128,129,131
147,Metropolitan Ave,07/01/1937,POINT (-73.9514239994525 40.71277400073426),G,G-all times,-73.9514239994525 40.71277400073426,40.71277400073426,-73.9514239994525,40.71277400073426,1937,7,1,"[108, 190, 69]",1937-07-01,108,190,69
148,Grand St,06/30/1924,POINT (-73.94049699874644 40.71157600064823),L,L-all times,-73.94049699874644 40.71157600064823,40.71157600064823,-73.94049699874644,40.71157600064823,1924,6,30,"[167, 169, 172]",1924-06-30,167,169,172
149,Graham Ave,06/30/1924,POINT (-73.94394399869037 40.714575998363635),L,L-all times,-73.94394399869037 40.714575998363635,40.71457599836364,-73.94394399869037,40.71457599836364,1924,6,30,"[167, 169, 172]",1924-06-30,167,169,172
150,Bedford Ave,06/30/1924,POINT (-73.95666499806525 40.71717399858899),L,L-all times,-73.95666499806525 40.71717399858899,40.71717399858899,-73.95666499806525,40.71717399858899,1924,6,30,"[167, 169, 172]",1924-06-30,167,169,172
151,Montrose Ave,06/10/1924,POINT (-73.93979284713505 40.70739106438455),L,L-all times,-73.93979284713505 40.70739106438455,40.707391064384545,-73.93979284713505,40.707391064384545,1924,6,10,"[167, 169, 172]",1924-06-10,167,169,172
152,Long Island City - Court Sq,08/19/1933,POINT (-73.94381559597835 40.74630503357145),G,G-all times,-73.94381559597835 40.74630503357145,40.74630503357145,-73.94381559597835,40.74630503357145,1933,8,19,"[108, 190, 69]",1933-08-19,108,190,69
153,21st St,08/19/1933,POINT (-73.9495999997552 40.7441286664954),G,G-all times,-73.9495999997552 40.7441286664954,40.7441286664954,-73.94959999975521,40.7441286664954,1933,8,19,"[108, 190, 69]",1933-08-19,108,190,69
154,39th Ave,02/01/1917,POINT (-73.93285137679598 40.75276306140845),N-W,"N-all times, W part time",-73.93285137679598 40.75276306140845,40.75276306140845,-73.932851376796,40.75276306140845,1917,2,1,"[252, 204, 10]",1917-02-01,252,204,10
155,145th St,10/27/1904,POINT (-73.95035999879713 40.82655099962194),1,1-all times,-73.95035999879713 40.82655099962194,40.82655099962194,-73.95035999879713,40.82655099962194,1904,10,27,"[238, 53, 46]",1904-10-27,238,53,46
156,157th St,12/12/1904,POINT (-73.94488999901047 40.8340410001399),1,1-all times,-73.94488999901047 40.8340410001399,40.8340410001399,-73.94488999901047,40.8340410001399,1904,12,12,"[238, 53, 46]",1904-12-12,238,53,46
157,96th St,10/27/1904,POINT (-73.97232299915696 40.79391900121471),1-2-3,"1,2,3-all times",-73.97232299915696 40.79391900121471,40.79391900121471,-73.97232299915696,40.79391900121471,1904,10,27,"[238, 53, 46]",1904-10-27,238,53,46
158,103rd St,10/27/1904,POINT (-73.96837899960818 40.799446000334825),1,1-all times,-73.96837899960818 40.799446000334825,40.79944600033483,-73.96837899960818,40.79944600033483,1904,10,27,"[238, 53, 46]",1904-10-27,238,53,46
159,Central Park North (110th St),12/23/1904,POINT (-73.95182200176913 40.79907499977324),2-3,"2,3-all times",-73.95182200176913 40.79907499977324,40.79907499977324,-73.95182200176912,40.79907499977324,1904,12,23,"[238, 53, 46]",1904-12-23,238,53,46
160,103rd St,09/10/1932,POINT (-73.96137008267617 40.796060739904526),A-B-C,"A-nights, B-weekdays and evenings, C-all times exc nights",-73.96137008267617 40.796060739904526,40.79606073990453,-73.96137008267617,40.79606073990453,1932,9,10,"[255, 99, 25]",1932-09-10,255,99,25
161,72nd St,10/27/1904,POINT (-73.98197000159583 40.77845300068614),1-2-3,"1,2,3-all times",-73.98197000159583 40.77845300068614,40.77845300068614,-73.98197000159583,40.77845300068614,1904,10,27,"[238, 53, 46]",1904-10-27,238,53,46
162,81st St,09/10/1932,POINT (-73.97209794937208 40.78134608418206),A-B-C,"A-nights, B-weekdays and evenings, C-all times exc nights",-73.97209794937208 40.78134608418206,40.78134608418206,-73.97209794937208,40.78134608418206,1932,9,10,"[255, 99, 25]",1932-09-10,255,99,25
163,75th Ave,12/31/1936,POINT (-73.83692369387158 40.71804465348743),E-F,"E-evenings, weekends, nights, F-all times",-73.83692369387158 40.71804465348743,40.71804465348743,-73.83692369387157,40.71804465348743,1936,12,31,"[255, 99, 25]",1936-12-31,255,99,25
164,86th St,09/10/1932,POINT (-73.96882849429672 40.78582304678557),A-B-C,"A-nights, B-weekdays and evenings, C-all times exc nights",-73.96882849429672 40.78582304678557,40.785823046785566,-73.96882849429672,40.785823046785566,1932,9,10,"[255, 99, 25]",1932-09-10,255,99,25
165,Cathedral Pkwy (110th St),10/27/1904,POINT (-73.9668470005456 40.80396699961484),1,1-all times,-73.9668470005456 40.80396699961484,40.80396699961484,-73.9668470005456,40.80396699961484,1904,10,27,"[238, 53, 46]",1904-10-27,238,53,46
166,116th St - Columbia University,10/27/1904,POINT (-73.96410999757751 40.807722001230864),1,1-all times,-73.96410999757751 40.807722001230864,40.80772200123087,-73.96410999757751,40.80772200123087,1904,10,27,"[238, 53, 46]",1904-10-27,238,53,46
167,125th St,12/23/1904,POINT (-73.94549500011411 40.807753999182815),2-3,"2,3-all times",-73.94549500011411 40.807753999182815,40.80775399918281,-73.94549500011411,40.80775399918281,1904,12,23,"[238, 53, 46]",1904-12-23,238,53,46
168,135th St,12/23/1904,POINT (-73.94077000106708 40.8142290003391),2-3,"2,3-all times",-73.94077000106708 40.8142290003391,40.814229000339104,-73.94077000106708,40.814229000339104,1904,12,23,"[238, 53, 46]",1904-12-23,238,53,46
169,116th St,12/23/1904,POINT (-73.94962500096905 40.802097999133004),2-3,"2,3-all times",-73.94962500096905 40.802097999133004,40.80209799913301,-73.94962500096905,40.80209799913301,1904,12,23,"[238, 53, 46]",1904-12-23,238,53,46
170,Tremont Ave,07/01/1933,POINT (-73.90522700122354 40.850409999510234),B-D,"B-rush hours, D-all times",-73.90522700122354 40.850409999510234,40.85040999951024,-73.90522700122355,40.85040999951024,1933,7,1,"[255, 99, 25]",1933-07-01,255,99,25
171,137th St - City College,10/27/1904,POINT (-73.95367600087873 40.82200799968475),1,1-all times,-73.95367600087873 40.82200799968475,40.82200799968475,-73.95367600087873,40.82200799968475,1904,10,27,"[238, 53, 46]",1904-10-27,238,53,46
172,145th St,12/23/1904,POINT (-73.93624499873299 40.82042099969279),3,"3-all times, exit only northbound",-73.93624499873299 40.82042099969279,40.820420999692786,-73.93624499873299,40.820420999692786,1904,12,23,"[238, 53, 46]",1904-12-23,238,53,46
173,176th St,06/02/1917,POINT (-73.91179399884471 40.8484800012369),4,4-all times,-73.91179399884471 40.8484800012369,40.848480001236894,-73.9117939988447,40.848480001236894,1917,6,2,"[0, 147, 60]",1917-06-02,0,147,60
174,Burnside Ave,06/02/1917,POINT (-73.9076840015997 40.85345300155693),4,4-all times,-73.9076840015997 40.85345300155693,40.85345300155693,-73.9076840015997,40.85345300155693,1917,6,2,"[0, 147, 60]",1917-06-02,0,147,60
175,170th St,07/01/1933,POINT (-73.91339999846983 40.83930599964156),B-D,"B-rush hours, D-all times, skips rush hours AM southbound, PM northbound",-73.91339999846983 40.83930599964156,40.83930599964156,-73.91339999846983,40.83930599964156,1933,7,1,"[255, 99, 25]",1933-07-01,255,99,25
176,168th St,04/14/1906,POINT (-73.94013299907257 40.840555999148535),1,1-all times,-73.94013299907257 40.840555999148535,40.84055599914853,-73.94013299907256,40.84055599914853,1906,4,14,"[238, 53, 46]",1906-04-14,238,53,46
177,181st St,05/30/1906,POINT (-73.9335959996056 40.84950499974065),1,1-all times,-73.9335959996056 40.84950499974065,40.849504999740645,-73.9335959996056,40.849504999740645,1906,5,30,"[238, 53, 46]",1906-05-30,238,53,46
178,191st St,01/14/1911,POINT (-73.92941199742039 40.85522500175836),1,1-all times,-73.92941199742039 40.85522500175836,40.85522500175836,-73.92941199742039,40.85522500175836,1911,1,14,"[238, 53, 46]",1911-01-14,238,53,46
179,175th St,09/10/1932,POINT (-73.93970399761596 40.84739100072403),A,A-all times,-73.93970399761596 40.84739100072403,40.84739100072403,-73.93970399761595,40.84739100072403,1932,9,10,"[40, 80, 173]",1932-09-10,40,80,173
180,Beach 44th St,06/28/1956,POINT (-73.77601299999507 40.59294299908617),A,A-all times,-73.77601299999507 40.59294299908617,40.59294299908617,-73.77601299999506,40.59294299908617,1956,6,28,"[40, 80, 173]",1956-06-28,40,80,173
181,Beach 60th St,06/28/1956,POINT (-73.7885219980118 40.59237400121235),A,A-all times,-73.7885219980118 40.59237400121235,40.592374001212356,-73.7885219980118,40.592374001212356,1956,6,28,"[40, 80, 173]",1956-06-28,40,80,173
182,Beach 98th St,06/28/1956,POINT (-73.82052058959523 40.58538569133279),A-S,"A-rush hours AM northbound, PM southbound, S Broad Channel to Rockaway Park-all times",-73.82052058959523 40.58538569133279,40.58538569133279,-73.82052058959523,40.58538569133279,1956,6,28,"[128, 129, 131]",1956-06-28,128,129,131
183,Rockaway Park - Beach 116 St,06/28/1956,POINT (-73.83559008701239 40.580955865573515),A-S,"A-rush hours AM northbound, PM southbound, S to Broad Channel-all times",-73.83559008701239 40.580955865573515,40.58095586557353,-73.83559008701239,40.58095586557353,1956,6,28,"[128, 129, 131]",1956-06-28,128,129,131
184,Beach 36th St,06/28/1956,POINT (-73.76817499939688 40.59539800166876),A,A-all times,-73.76817499939688 40.59539800166876,40.595398001668755,-73.76817499939688,40.595398001668755,1956,6,28,"[40, 80, 173]",1956-06-28,40,80,173
185,Beach 25th St,06/28/1956,POINT (-73.76135299762073 40.60006600105881),A,A-all times,-73.76135299762073 40.60006600105881,40.60006600105881,-73.76135299762073,40.60006600105881,1956,6,28,"[40, 80, 173]",1956-06-28,40,80,173
186,Parsons Blvd,04/24/1937,POINT (-73.80328900021885 40.707571999615695),F,F-all times,-73.80328900021885 40.707571999615695,40.707571999615695,-73.80328900021884,40.707571999615695,1937,4,24,"[255, 99, 25]",1937-04-24,255,99,25
187,169th St,04/24/1937,POINT (-73.79347419927721 40.710517502784),F,F-all times,-73.79347419927721 40.710517502784,40.710517502784,-73.7934741992772,40.710517502784,1937,4,24,"[255, 99, 25]",1937-04-24,255,99,25
188,103rd St - Corona Plaza,04/21/1917,POINT (-73.86269999830412 40.749865000555545),7,7-all times,-73.86269999830412 40.749865000555545,40.74986500055555,-73.86269999830412,40.74986500055555,1917,4,21,"[185, 51, 173]",1917-04-21,185,51,173
189,111th St,10/13/1925,POINT (-73.85533399834884 40.75172999941711),7,7-all times,-73.85533399834884 40.75172999941711,40.75172999941711,-73.85533399834884,40.75172999941711,1925,10,13,"[185, 51, 173]",1925-10-13,185,51,173
190,63rd Dr - Rego Park,12/31/1936,POINT (-73.86161820097203 40.729763972422425),E-M-R,"E-nights, R-all other times, M-weekdays and evenings",-73.86161820097203 40.729763972422425,40.729763972422425,-73.86161820097203,40.729763972422425,1936,12,31,"[252, 204, 10]",1936-12-31,252,204,10
191,Grant Ave,04/29/1956,POINT (-73.86504999877702 40.67704400054478),A-S,"A-all times, S Euclid Av to Ozone Park-Lefferts Blvd-nights",-73.86504999877702 40.67704400054478,40.67704400054478,-73.86504999877702,40.67704400054478,1956,4,29,"[128, 129, 131]",1956-04-29,128,129,131
192,79th St,10/27/1904,POINT (-73.97991700056134 40.78393399959032),1-2,"1-all times, 2-nights",-73.97991700056134 40.78393399959032,40.78393399959032,-73.97991700056134,40.78393399959032,1904,10,27,"[238, 53, 46]",1904-10-27,238,53,46
193,Atlantic Ave,07/28/1906,POINT (-73.9030969995401 40.67534466640805),L,L-all times,-73.9030969995401 40.67534466640805,40.675344666408044,-73.9030969995401,40.675344666408044,1906,7,28,"[167, 169, 172]",1906-07-28,167,169,172
194,Christopher St - Sheridan Sq,07/01/1918,POINT (-74.00290599855235 40.73342200104225),1-2,"1-all times, 2-nights",-74.00290599855235 40.73342200104225,40.73342200104225,-74.00290599855234,40.73342200104225,1918,7,1,"[238, 53, 46]",1918-07-01,238,53,46
195,Ozone Park - Lefferts Blvd,04/29/1956,POINT (-73.82579799906613 40.68595099878361),A-S,"S to Euclid Av-nights, A-all other times",-73.82579799906613 40.68595099878361,40.68595099878361,-73.82579799906613,40.68595099878361,1956,4,29,"[128, 129, 131]",1956-04-29,128,129,131
196,Times Sq - 42nd St,03/14/1927,POINT (-73.98769099825152 40.755477001982506),7-7 Express,"7-all times, 7 Express-rush hours AM westbound, PM eastbound",-73.98769099825152 40.755477001982506,40.755477001982506,-73.98769099825151,40.755477001982506,1927,3,14,"[185, 51, 173]",1927-03-14,185,51,173
197,W 8th St - NY Aquarium,05/30/1917,POINT (-73.97595787413822 40.576033818103646),F-Q,"F,Q-all times",-73.97595787413822 40.576033818103646,40.576033818103646,-73.97595787413822,40.576033818103646,1917,5,30,"[252, 204, 10]",1917-05-30,252,204,10
198,28th St,07/01/1918,POINT (-73.99336500134324 40.74721499918219),1-2,"1-all times, 2-nights",-73.99336500134324 40.74721499918219,40.74721499918217,-73.99336500134324,40.74721499918217,1918,7,1,"[238, 53, 46]",1918-07-01,238,53,46
199,28th St,10/27/1904,POINT (-73.98426400110407 40.743069999259035),4-6-6 Express,"4 nights, 6-all times, 6 Express-weekdays AM southbound, PM northbound",-73.98426400110407 40.743069999259035,40.743069999259035,-73.98426400110407,40.743069999259035,1904,10,27,"[0, 147, 60]",1904-10-27,0,147,60
200,Pelham Bay Park,12/20/1920,POINT (-73.82812100059289 40.85246199951662),6-6 Express,"6 Express-weekdays AM southbound, PM northbound, 6-all other times",-73.82812100059289 40.85246199951662,40.85246199951661,-73.82812100059289,40.85246199951661,1920,12,20,"[0, 147, 60]",1920-12-20,0,147,60
201,Westchester Sq - E Tremont Ave,10/24/1920,POINT (-73.84295199925012 40.839892001013915),6-6 Express,"6 Express-weekdays AM southbound, PM northbound, 6-all other times",-73.84295199925012 40.839892001013915,40.83989200101392,-73.84295199925013,40.83989200101392,1920,10,24,"[0, 147, 60]",1920-10-24,0,147,60
202,18th St,07/01/1918,POINT (-73.99787100060406 40.741039999802105),1-2,"1-all times, 2-nights",-73.99787100060406 40.741039999802105,40.741039999802105,-73.99787100060406,40.741039999802105,1918,7,1,"[238, 53, 46]",1918-07-01,238,53,46
203,Grand Central - 42nd St,06/22/1915,POINT (-73.97604100111508 40.751431000286864),7-7 Express,"7-all times, 7 Express-rush hours AM westbound, PM eastbound",-73.97604100111508 40.751431000286864,40.751431000286864,-73.97604100111508,40.751431000286864,1915,6,22,"[185, 51, 173]",1915-06-22,185,51,173
204,Beach 67th St,06/28/1956,POINT (-73.7969239998421 40.59092700078133),A,A-all times,-73.7969239998421 40.59092700078133,40.59092700078133,-73.7969239998421,40.59092700078133,1956,6,28,"[40, 80, 173]",1956-06-28,40,80,173
205,W 4th St - Washington Sq (Upper),09/10/1932,POINT (-74.00049500225435 40.73233799774325),A-C-E,"A,E-all times, C-all times exc nights",-74.00049500225435 40.73233799774325,40.73233799774325,-74.00049500225434,40.73233799774325,1932,9,10,"[40, 80, 173]",1932-09-10,40,80,173
206,85th St - Forest Pky,05/28/1917,POINT (-73.86008700006875 40.69242699966103),J,J-all times,-73.86008700006875 40.69242699966103,40.69242699966103,-73.86008700006875,40.69242699966103,1917,5,28,"[153, 102, 51]",1917-05-28,153,102,51
207,Woodhaven Blvd,05/28/1917,POINT (-73.85205199740794 40.69370399880105),J-Z,"J-all times, Z-rush hours AM westbound, PM eastbound",-73.85205199740794 40.69370399880105,40.69370399880105,-73.85205199740794,40.69370399880105,1917,5,28,"[153, 102, 51]",1917-05-28,153,102,51
208,111th St,05/28/1917,POINT (-73.83679338454697 40.697114810696476),J,J-all times,-73.83679338454697 40.697114810696476,40.697114810696476,-73.83679338454697,40.697114810696476,1917,5,28,"[153, 102, 51]",1917-05-28,153,102,51
209,121st St,07/03/1918,POINT (-73.82834900017954 40.700481998515315),J-Z,"Z-rush hours AM westbound, PM eastbound, J-all other times",-73.82834900017954 40.700481998515315,40.70048199851532,-73.82834900017954,40.70048199851532,1918,7,3,"[153, 102, 51]",1918-07-03,153,102,51
210,Halsey St,07/14/1928,POINT (-73.90393400118631 40.69551800114878),L,L-all times,-73.90393400118631 40.69551800114878,40.695518001148784,-73.90393400118631,40.695518001148784,1928,7,14,"[167, 169, 172]",1928-07-14,167,169,172
211,Myrtle - Wyckoff Aves,07/14/1928,POINT (-73.9109757182647 40.699471062427136),L,L-all times,-73.9109757182647 40.699471062427136,40.699471062427136,-73.91097571826471,40.699471062427136,1928,7,14,"[167, 169, 172]",1928-07-14,167,169,172
212,New Lots Ave,10/16/1922,POINT (-73.88411070800329 40.6663149325969),3-4,"4-nights, 3-all other times",-73.88411070800329 40.6663149325969,40.6663149325969,-73.8841107080033,40.6663149325969,1922,10,16,"[0, 147, 60]",1922-10-16,0,147,60
213,Van Siclen Ave,11/28/1948,POINT (-73.8903580002471 40.67270999906104),A-C,"A-nights, C-all other times",-73.8903580002471 40.67270999906104,40.67270999906104,-73.89035800024709,40.67270999906104,1948,11,28,"[40, 80, 173]",1948-11-28,40,80,173
214,Cleveland St,05/30/1893,POINT (-73.8851940021643 40.679777998961164),J,J-all times,-73.8851940021643 40.679777998961164,40.67977799896117,-73.8851940021643,40.67977799896117,1893,5,30,"[153, 102, 51]",1893-05-30,153,102,51
215,Livonia Ave,07/28/1906,POINT (-73.90056237226057 40.66405727094644),L,L-all times,-73.90056237226057 40.66405727094644,40.66405727094644,-73.90056237226057,40.66405727094644,1906,7,28,"[167, 169, 172]",1906-07-28,167,169,172
216,Junius St,11/22/1920,POINT (-73.90244864183562 40.66358900181724),3-4,"4-nights, 3-all other times",-73.90244864183562 40.66358900181724,40.66358900181724,-73.90244864183562,40.66358900181724,1920,11,22,"[0, 147, 60]",1920-11-22,0,147,60
217,Rockaway Ave,11/22/1920,POINT (-73.90895833584449 40.66261748815223),3-4,"4-nights, 3-all other times",-73.90895833584449 40.66261748815223,40.66261748815223,-73.90895833584449,40.66261748815223,1920,11,22,"[0, 147, 60]",1920-11-22,0,147,60
218,Canarsie - Rockaway Pkwy,07/28/1906,POINT (-73.90185000017287 40.64665366739528),L,L-all times,-73.90185000017287 40.64665366739528,40.64665366739529,-73.90185000017287,40.64665366739529,1906,7,28,"[167, 169, 172]",1906-07-28,167,169,172
219,E 105th St,07/28/1906,POINT (-73.89954769388724 40.65046878544699),L,L-all times,-73.89954769388724 40.65046878544699,40.65046878544699,-73.89954769388723,40.65046878544699,1906,7,28,"[167, 169, 172]",1906-07-28,167,169,172
220,Saratoga Ave,11/22/1920,POINT (-73.91633025007947 40.6615297898075),3-4,"4-nights, 3-all other times",-73.91633025007947 40.6615297898075,40.6615297898075,-73.91633025007947,40.6615297898075,1920,11,22,"[0, 147, 60]",1920-11-22,0,147,60
221,Sutter Ave - Rutland Road,11/22/1920,POINT (-73.92252118536001 40.66476678877493),3-4,"4-nights, 3-all other times",-73.92252118536001 40.66476678877493,40.66476678877493,-73.92252118536001,40.66476678877493,1920,11,22,"[0, 147, 60]",1920-11-22,0,147,60
222,New Lots Ave,07/28/1906,POINT (-73.89927796057142 40.65891477368527),L,L-all times,-73.89927796057142 40.65891477368527,40.65891477368528,-73.89927796057142,40.65891477368528,1906,7,28,"[167, 169, 172]",1906-07-28,167,169,172
223,Broadway Junction,12/21/1916,POINT (-73.90428999746412 40.67936600147369),J-Z,"J-all times, Z-rush hours AM westbound, PM eastbound",-73.90428999746412 40.67936600147369,40.67936600147369,-73.90428999746412,40.67936600147369,1916,12,21,"[153, 102, 51]",1916-12-21,153,102,51
224,Alabama Ave,12/21/1916,POINT (-73.89852600159652 40.676998000003756),J,J-all times,-73.89852600159652 40.676998000003756,40.676998000003756,-73.89852600159652,40.676998000003756,1916,12,21,"[153, 102, 51]",1916-12-21,153,102,51
225,Shepherd Ave,11/28/1948,POINT (-73.88074999747269 40.6741300014559),A-C,"A-nights, C-all other times",-73.88074999747269 40.6741300014559,40.6741300014559,-73.88074999747269,40.6741300014559,1948,11,28,"[40, 80, 173]",1948-11-28,40,80,173
226,Crescent St,05/30/1893,POINT (-73.87392925215778 40.68315265707736),J-Z,"J-all times, Z-rush hours AM westbound, PM eastbound",-73.87392925215778 40.68315265707736,40.68315265707736,-73.87392925215778,40.68315265707736,1893,5,30,"[153, 102, 51]",1893-05-30,153,102,51
227,Cypress Hills,05/28/1917,POINT (-73.87332199882995 40.689616000838754),J,J-all times,-73.87332199882995 40.689616000838754,40.689616000838754,-73.87332199882995,40.689616000838754,1917,5,28,"[153, 102, 51]",1917-05-28,153,102,51
228,75th St - Eldert Ln,05/28/1917,POINT (-73.86728799944963 40.691290001246735),J-Z,"Z-rush hours AM westbound, PM eastbound, J-all other times",-73.86728799944963 40.691290001246735,40.691290001246735,-73.86728799944963,40.691290001246735,1917,5,28,"[153, 102, 51]",1917-05-28,153,102,51
229,69th St,04/21/1917,POINT (-73.8964029993185 40.746324999410284),7,7-all times,-73.8964029993185 40.746324999410284,40.74632499941029,-73.89640299931851,40.74632499941029,1917,4,21,"[185, 51, 173]",1917-04-21,185,51,173
230,74th St - Broadway,04/21/1917,POINT (-73.8912051289911 40.746867573829114),7,7-all times,-73.8912051289911 40.746867573829114,40.746867573829114,-73.8912051289911,40.746867573829114,1917,4,21,"[185, 51, 173]",1917-04-21,185,51,173
231,Woodhaven Blvd - Queens Mall,12/31/1936,POINT (-73.86943208612348 40.73309737380972),E-M-R,"E-nights, R-all other times, M-weekdays and evenings",-73.86943208612348 40.73309737380972,40.73309737380972,-73.86943208612348,40.73309737380972,1936,12,31,"[252, 204, 10]",1936-12-31,252,204,10
232,Myrtle - Wyckoff Aves,02/22/1915,POINT (-73.91217899939602 40.69945400090837),M,M-all times,-73.91217899939602 40.69945400090837,40.69945400090837,-73.91217899939602,40.69945400090837,1915,2,22,"[255, 99, 25]",1915-02-22,255,99,25
233,Seneca Ave,02/22/1915,POINT (-73.90758199885423 40.70291899894902),M,M-all times,-73.90758199885423 40.70291899894902,40.70291899894902,-73.90758199885424,40.70291899894902,1915,2,22,"[255, 99, 25]",1915-02-22,255,99,25
234,DeKalb Ave,07/14/1928,POINT (-73.91823200219723 40.70369299961644),L,L-all times,-73.91823200219723 40.70369299961644,40.703692999616436,-73.91823200219724,40.703692999616436,1928,7,14,"[167, 169, 172]",1928-07-14,167,169,172
235,52nd St,04/21/1917,POINT (-73.91254899891254 40.744149001021576),7,7-all times,-73.91254899891254 40.744149001021576,40.744149001021576,-73.91254899891254,40.744149001021576,1917,4,21,"[185, 51, 173]",1917-04-21,185,51,173
236,46th St,08/19/1933,POINT (-73.91352174995538 40.756316952608096),E-M-R,"E-nights, R-all other times, M-weekdays and evenings",-73.91352174995538 40.756316952608096,40.756316952608096,-73.91352174995538,40.756316952608096,1933,8,19,"[252, 204, 10]",1933-08-19,252,204,10
237,Northern Blvd,08/19/1933,POINT (-73.90606508052358 40.752824829236076),E-M-R,"E-nights, R-all other times, M-weekdays and evenings",-73.90606508052358 40.752824829236076,40.752824829236076,-73.90606508052358,40.752824829236076,1933,8,19,"[252, 204, 10]",1933-08-19,252,204,10
238,46th St,04/21/1917,POINT (-73.91843500103973 40.74313200060382),7,7-all times,-73.91843500103973 40.74313200060382,40.74313200060382,-73.91843500103974,40.74313200060382,1917,4,21,"[185, 51, 173]",1917-04-21,185,51,173
239,82nd St - Jackson Hts,04/21/1917,POINT (-73.88369700071884 40.747658999559135),7,7-all times,-73.88369700071884 40.747658999559135,40.74765899955913,-73.88369700071884,40.74765899955913,1917,4,21,"[185, 51, 173]",1917-04-21,185,51,173
240,90th St - Elmhurst Av,04/21/1917,POINT (-73.87661299986985 40.74840800060913),7,7-all times,-73.87661299986985 40.74840800060913,40.74840800060913,-73.87661299986985,40.74840800060913,1917,4,21,"[185, 51, 173]",1917-04-21,185,51,173
241,Howard Beach - JFK Airport,06/28/1956,POINT (-73.83030100071032 40.66047600004959),A,A-all times,-73.83030100071032 40.66047600004959,40.6604760000496,-73.83030100071032,40.6604760000496,1956,6,28,"[40, 80, 173]",1956-06-28,40,80,173
242,Aqueduct - North Conduit Av,06/28/1956,POINT (-73.83405799948723 40.668234001699815),A,A-all times,-73.83405799948723 40.668234001699815,40.668234001699815,-73.83405799948724,40.668234001699815,1956,6,28,"[40, 80, 173]",1956-06-28,40,80,173
243,Briarwood - Van Wyck Blvd,04/24/1937,POINT (-73.82069263637443 40.70916181536946),E-F,"E-evenings, weekends, nights, F-all times",-73.82069263637443 40.70916181536946,40.70916181536946,-73.82069263637443,40.70916181536946,1937,4,24,"[255, 99, 25]",1937-04-24,255,99,25
244,Forest Hills - 71st Av,12/31/1936,POINT (-73.84451672012669 40.72159430953587),E-F-M-R,"E,F-all times, M-weekdays and evenings, R-all times exc nights",-73.84451672012669 40.72159430953587,40.72159430953587,-73.84451672012669,40.72159430953587,1936,12,31,"[252, 204, 10]",1936-12-31,252,204,10
245,Sutphin Blvd,04/24/1937,POINT (-73.81083299897232 40.70541799906764),F,F-all times,-73.81083299897232 40.70541799906764,40.70541799906764,-73.81083299897232,40.70541799906764,1937,4,24,"[255, 99, 25]",1937-04-24,255,99,25
246,Jamaica Ctr - Parsons / Archer,12/11/1988,POINT (-73.80109632298924 40.70206737621188),E-J-Z,"E,J-all times, Z-rush hours AM westbound, PM eastbound",-73.80109632298924 40.70206737621188,40.70206737621188,-73.80109632298924,40.70206737621188,1988,12,11,"[153, 102, 51]",1988-12-11,153,102,51
247,225th St,03/31/1917,POINT (-73.86021461772737 40.88802825863786),2-5,"2-all times, 5-rush hours AM southbound, PM northbound",-73.86021461772737 40.88802825863786,40.88802825863786,-73.86021461772738,40.88802825863786,1917,3,31,"[0, 147, 60]",1917-03-31,0,147,60
248,Elder Ave,05/30/1920,POINT (-73.87915899874777 40.82858400108929),6,6-all times,-73.87915899874777 40.82858400108929,40.82858400108929,-73.87915899874777,40.82858400108929,1920,5,30,"[0, 147, 60]",1920-05-30,0,147,60
249,Longwood Ave,01/08/1919,POINT (-73.89643499897414 40.816103999972405),6,6-all times,-73.89643499897414 40.816103999972405,40.816103999972405,-73.89643499897414,40.816103999972405,1919,1,8,"[0, 147, 60]",1919-01-08,0,147,60
250,Astoria Blvd,02/01/1917,POINT (-73.91809500109238 40.77003699949086),N-W,"N-all times, W part time",-73.91809500109238 40.77003699949086,40.770036999490856,-73.91809500109238,40.770036999490856,1917,2,1,"[252, 204, 10]",1917-02-01,252,204,10
251,Astoria - Ditmars Blvd,02/01/1917,POINT (-73.9120340001031 40.775035666523664),N-W,"N-all times, W part time",-73.9120340001031 40.775035666523664,40.775035666523664,-73.91203400010309,40.775035666523664,1917,2,1,"[252, 204, 10]",1917-02-01,252,204,10
252,Jackson Ave,11/26/1904,POINT (-73.9077019387083 40.81643746686396),2-5,"2-all times, 5-all times exc nights, skips rush hours AM southbound, PM northbound",-73.9077019387083 40.81643746686396,40.81643746686396,-73.9077019387083,40.81643746686396,1904,11,26,"[0, 147, 60]",1904-11-26,0,147,60
253,Prospect Ave,11/26/1904,POINT (-73.90177778730917 40.81948726483844),2-5,"2-all times, 5-all times exc nights, skips rush hours AM southbound, PM northbound",-73.90177778730917 40.81948726483844,40.819487264838436,-73.90177778730917,40.819487264838436,1904,11,26,"[0, 147, 60]",1904-11-26,0,147,60
254,Cypress Ave,01/08/1919,POINT (-73.91404199994753 40.8053680007636),6,6-all times,-73.91404199994753 40.8053680007636,40.8053680007636,-73.91404199994753,40.8053680007636,1919,1,8,"[0, 147, 60]",1919-01-08,0,147,60
255,174th St,11/26/1904,POINT (-73.88769359812888 40.837195550170605),2-5,"2-all times, 5-all times exc nights, skips rush hours AM southbound, PM northbound",-73.88769359812888 40.837195550170605,40.837195550170605,-73.88769359812888,40.837195550170605,1904,11,26,"[0, 147, 60]",1904-11-26,0,147,60
256,Allerton Ave,03/03/1917,POINT (-73.86723422851625 40.86548337793927),2-5,"2-all times, 5-rush hours AM southbound, PM northbound",-73.86723422851625 40.86548337793927,40.86548337793927,-73.86723422851625,40.86548337793927,1917,3,3,"[0, 147, 60]",1917-03-03,0,147,60
257,E 143rd St - St Mary's St,01/08/1919,POINT (-73.90765699936489 40.80871900090143),6,6-all times,-73.90765699936489 40.80871900090143,40.808719000901434,-73.90765699936489,40.808719000901434,1919,1,8,"[0, 147, 60]",1919-01-08,0,147,60
258,Kingsbridge Rd,06/02/1917,POINT (-73.89717400101743 40.867760000885795),4,4-all times,-73.89717400101743 40.867760000885795,40.867760000885795,-73.89717400101743,40.867760000885795,1917,6,2,"[0, 147, 60]",1917-06-02,0,147,60
259,Bedford Park Blvd - Lehman College,04/15/1918,POINT (-73.89006400069478 40.87341199980121),4,4-all times,-73.89006400069478 40.87341199980121,40.87341199980121,-73.89006400069478,40.87341199980121,1918,4,15,"[0, 147, 60]",1918-04-15,0,147,60
260,Harlem - 148 St,05/13/1968,POINT (-73.93647000005559 40.82388000080457),3,3-all times,-73.93647000005559 40.82388000080457,40.82388000080457,-73.93647000005559,40.82388000080457,1968,5,13,"[238, 53, 46]",1968-05-13,238,53,46
261,Mt Eden Ave,06/02/1917,POINT (-73.9146849986034 40.84443400092679),4,4-all times,-73.9146849986034 40.84443400092679,40.84443400092679,-73.9146849986034,40.84443400092679,1917,6,2,"[0, 147, 60]",1917-06-02,0,147,60
262,Fordham Rd,07/01/1933,POINT (-73.89774900102401 40.861295998683495),B-D,"B-rush hours, D-all times",-73.89774900102401 40.861295998683495,40.86129599868349,-73.89774900102401,40.86129599868349,1933,7,1,"[255, 99, 25]",1933-07-01,255,99,25
263,170th St,06/02/1917,POINT (-73.91779099745928 40.84007499993004),4,4-all times,-73.91779099745928 40.84007499993004,40.84007499993004,-73.91779099745928,40.84007499993004,1917,6,2,"[0, 147, 60]",1917-06-02,0,147,60
264,Bedford Park Blvd,07/01/1933,POINT (-73.88713799889574 40.87324399861646),B-D,"B-rush hours, D-all times",-73.88713799889574 40.87324399861646,40.87324399861646,-73.88713799889572,40.87324399861646,1933,7,1,"[255, 99, 25]",1933-07-01,255,99,25
265,Marble Hill - 225th St,01/14/1907,POINT (-73.90983099923551 40.87456099941789),1,1-all times,-73.90983099923551 40.87456099941789,40.874560999417895,-73.90983099923551,40.874560999417895,1907,1,14,"[238, 53, 46]",1907-01-14,238,53,46
266,231st St,08/01/1908,POINT (-73.90483400107873 40.87885599817935),1,1-all times,-73.90483400107873 40.87885599817935,40.87885599817935,-73.90483400107873,40.87885599817935,1908,8,1,"[238, 53, 46]",1908-08-01,238,53,46
267,215th St,03/12/1906,POINT (-73.91527899954356 40.86944399946045),1,1-all times,-73.91527899954356 40.86944399946045,40.86944399946045,-73.91527899954356,40.86944399946045,1906,3,12,"[238, 53, 46]",1906-03-12,238,53,46
268,207th St,04/01/1907,POINT (-73.91881900132312 40.864614000525854),1,1-all times,-73.91881900132312 40.864614000525854,40.864614000525854,-73.91881900132313,40.864614000525854,1907,4,1,"[238, 53, 46]",1907-04-01,238,53,46
269,Inwood - 207th St,09/10/1932,POINT (-73.91989900100465 40.86807199999737),A,A-all times,-73.91989900100465 40.86807199999737,40.86807199999737,-73.91989900100465,40.86807199999737,1932,9,10,"[40, 80, 173]",1932-09-10,40,80,173
270,Van Cortlandt Park - 242nd St,08/01/1908,POINT (-73.89858300049647 40.88924800011476),1,1-all times,-73.89858300049647 40.88924800011476,40.889248000114755,-73.89858300049647,40.889248000114755,1908,8,1,"[238, 53, 46]",1908-08-01,238,53,46
271,West Farms Sq - E Tremont Av,11/26/1904,POINT (-73.87996127877184 40.84020763241799),2-5,"2-all times, 5-all times exc nights, skips rush hours AM southbound, PM northbound",-73.87996127877184 40.84020763241799,40.84020763241799,-73.87996127877184,40.84020763241799,1904,11,26,"[0, 147, 60]",1904-11-26,0,147,60
272,219th St,03/03/1917,POINT (-73.8625097078866 40.883887974625274),2-5,"2-all times, 5-rush hours AM southbound, PM northbound",-73.8625097078866 40.883887974625274,40.88388797462528,-73.86250970788659,40.88388797462528,1917,3,3,"[0, 147, 60]",1917-03-03,0,147,60
273,Mosholu Pkwy,04/15/1918,POINT (-73.88465499988732 40.87974999947229),4,4-all times,-73.88465499988732 40.87974999947229,40.87974999947229,-73.88465499988732,40.87974999947229,1918,4,15,"[0, 147, 60]",1918-04-15,0,147,60
274,Norwood - 205th St,07/01/1933,POINT (-73.87885499918691 40.87481100011182),D,D-all times,-73.87885499918691 40.87481100011182,40.87481100011182,-73.87885499918691,40.87481100011182,1933,7,1,"[255, 99, 25]",1933-07-01,255,99,25
275,Burke Ave,03/03/1917,POINT (-73.86705361747603 40.87125880254771),2-5,"2-all times, 5-rush hours AM southbound, PM northbound",-73.86705361747603 40.87125880254771,40.871258802547715,-73.86705361747603,40.871258802547715,1917,3,3,"[0, 147, 60]",1917-03-03,0,147,60
276,Baychester Ave,05/15/1941,POINT (-73.83859099802153 40.87866300037311),5,5-all times,-73.83859099802153 40.87866300037311,40.87866300037311,-73.83859099802153,40.87866300037311,1941,5,15,"[0, 147, 60]",1941-05-15,0,147,60
277,Eastchester - Dyre Ave,05/15/1941,POINT (-73.8308340021742 40.88829999901007),5,5-all times,-73.8308340021742 40.88829999901007,40.88829999901007,-73.8308340021742,40.88829999901007,1941,5,15,"[0, 147, 60]",1941-05-15,0,147,60
278,Jamaica - 179th St,12/10/1950,POINT (-73.78381700176453 40.712645666744045),F,F-all times,-73.78381700176453 40.712645666744045,40.712645666744045,-73.78381700176453,40.712645666744045,1950,12,10,"[255, 99, 25]",1950-12-10,255,99,25
279,Wakefield - 241st St,12/13/1920,POINT (-73.8506199987954 40.903125000541245),2,2-all times,-73.8506199987954 40.903125000541245,40.90312500054125,-73.85061999879541,40.90312500054125,1920,12,13,"[238, 53, 46]",1920-12-13,238,53,46
280,Botanic Garden,09/30/1928,POINT (-73.95924499945693 40.670342666584396),S,S Franklin Av-Fulton St to Prospect Park-all times,-73.95924499945693 40.670342666584396,40.670342666584396,-73.95924499945694,40.670342666584396,1928,9,30,"[128, 129, 131]",1928-09-30,128,129,131
281,Bushwick - Aberdeen,07/14/1928,POINT (-73.90526176305106 40.68286062551184),L,L-all times,-73.90526176305106 40.68286062551184,40.68286062551184,-73.90526176305106,40.68286062551184,1928,7,14,"[167, 169, 172]",1928-07-14,167,169,172
282,Broadway Junction,07/14/1928,POINT (-73.90311757920684 40.67845624842869),L,L-all times,-73.90311757920684 40.67845624842869,40.67845624842869,-73.90311757920685,40.67845624842869,1928,7,14,"[167, 169, 172]",1928-07-14,167,169,172
283,Gun Hill Rd,05/15/1941,POINT (-73.84638400151765 40.86952599962676),5,5-all times,-73.84638400151765 40.86952599962676,40.86952599962675,-73.84638400151766,40.86952599962675,1941,5,15,"[0, 147, 60]",1941-05-15,0,147,60
284,E 180th St,03/03/1917,POINT (-73.87334609510884 40.8418630412186),2-5,"2,5-all times",-73.87334609510884 40.8418630412186,40.8418630412186,-73.87334609510884,40.8418630412186,1917,3,3,"[0, 147, 60]",1917-03-03,0,147,60
285,Dyckman St,03/12/1906,POINT (-73.92553600006474 40.86053100138796),1,1-all times,-73.92553600006474 40.86053100138796,40.86053100138796,-73.92553600006474,40.86053100138796,1906,3,12,"[238, 53, 46]",1906-03-12,238,53,46
286,125th St,10/27/1904,POINT (-73.95837200097044 40.815580999978934),1,1-all times,-73.95837200097044 40.815580999978934,40.81558099997893,-73.95837200097044,40.81558099997893,1904,10,27,"[238, 53, 46]",1904-10-27,238,53,46
287,Franklin Ave - Fulton St,08/15/1896,POINT (-73.95582700110425 40.68059566598263),S,S to Prospect Park-all times,-73.95582700110425 40.68059566598263,40.68059566598263,-73.95582700110425,40.68059566598263,1896,8,15,"[128, 129, 131]",1896-08-15,128,129,131
288,149th St - Grand Concourse,07/10/1905,POINT (-73.92672247438611 40.81833014409742),2-5,"2-all times, 5-all times exc nights",-73.92672247438611 40.81833014409742,40.81833014409742,-73.92672247438611,40.81833014409742,1905,7,10,"[0, 147, 60]",1905-07-10,0,147,60
289,3rd Ave - 149th St,07/10/1905,POINT (-73.91779152760981 40.816029252510006),2-5,"2-all times, 5-all times exc nights",-73.91779152760981 40.816029252510006,40.816029252510006,-73.91779152760982,40.816029252510006,1905,7,10,"[0, 147, 60]",1905-07-10,0,147,60
290,167th St,06/02/1917,POINT (-73.92139999784426 40.83553699933672),4,4-all times,-73.92139999784426 40.83553699933672,40.83553699933672,-73.92139999784426,40.83553699933672,1917,6,2,"[0, 147, 60]",1917-06-02,0,147,60
291,Brook Ave,01/08/1919,POINT (-73.91923999909432 40.80756599987699),6,6-all times,-73.91923999909432 40.80756599987699,40.80756599987699,-73.91923999909432,40.80756599987699,1919,1,8,"[0, 147, 60]",1919-01-08,0,147,60
292,33rd St,04/21/1917,POINT (-73.93099699953838 40.74458699983993),7,7-all times,-73.93099699953838 40.74458699983993,40.74458699983993,-73.93099699953838,40.74458699983993,1917,4,21,"[185, 51, 173]",1917-04-21,185,51,173
293,40th St,04/21/1917,POINT (-73.9240159984882 40.74378100149132),7,7-all times,-73.9240159984882 40.74378100149132,40.74378100149132,-73.9240159984882,40.74378100149132,1917,4,21,"[185, 51, 173]",1917-04-21,185,51,173
294,145th St,09/10/1932,POINT (-73.94408792823116 40.824766360871905),A-B-C-D,"A,D-all times, B-weekdays and evenings, C-all times exc nights",-73.94408792823116 40.824766360871905,40.824766360871905,-73.94408792823116,40.824766360871905,1932,9,10,"[255, 99, 25]",1932-09-10,255,99,25
295,155th St,07/01/1933,POINT (-73.93820899811622 40.8301349999812),B-D,"B-rush hours, D-all times, skips rush hours AM southbound, PM northbound",-73.93820899811622 40.8301349999812,40.83013499998121,-73.93820899811621,40.83013499998121,1933,7,1,"[255, 99, 25]",1933-07-01,255,99,25
296,161st St - Yankee Stadium,07/01/1933,POINT (-73.92565099775477 40.827904998845845),B-D,"B-rush hours, D-all times, skips rush hours AM southbound, PM northbound",-73.92565099775477 40.827904998845845,40.82790499884585,-73.92565099775476,40.82790499884585,1933,7,1,"[255, 99, 25]",1933-07-01,255,99,25
297,Utica Ave,04/09/1936,POINT (-73.93072899914027 40.67936399950546),A-C,"A-all times, C-all times exc nights",-73.93072899914027 40.67936399950546,40.67936399950546,-73.93072899914026,40.67936399950546,1936,4,9,"[40, 80, 173]",1936-04-09,40,80,173
298,Steinway St,08/19/1933,POINT (-73.9205264716827 40.75698735912575),E-M-R,"E-nights, R-all other times, M-weekdays and evenings",-73.9205264716827 40.75698735912575,40.756987359125745,-73.9205264716827,40.756987359125745,1933,8,19,"[252, 204, 10]",1933-08-19,252,204,10
299,Kosciuszko St,12/21/1916,POINT (-73.92850899927413 40.69317200129202),J,J-all times,-73.92850899927413 40.69317200129202,40.693172001292034,-73.92850899927411,40.693172001292034,1916,12,21,"[153, 102, 51]",1916-12-21,153,102,51
300,Gates Ave,12/21/1916,POINT (-73.92215600150752 40.689583999013905),J-Z,"Z-rush hours AM westbound, PM eastbound, J-all other times",-73.92215600150752 40.689583999013905,40.689583999013905,-73.92215600150752,40.689583999013905,1916,12,21,"[153, 102, 51]",1916-12-21,153,102,51
301,Central Ave,07/29/1914,POINT (-73.92724299902838 40.69787300011831),M,M-all times,-73.92724299902838 40.69787300011831,40.69787300011832,-73.92724299902838,40.69787300011832,1914,7,29,"[255, 99, 25]",1914-07-29,255,99,25
302,Knickerbocker Ave,07/01/1918,POINT (-73.91972000188625 40.69866000123805),M,M-all times,-73.91972000188625 40.69866000123805,40.698660001238046,-73.91972000188625,40.698660001238046,1918,7,1,"[255, 99, 25]",1918-07-01,255,99,25
303,30th Ave,02/01/1917,POINT (-73.9214790001739 40.76677866673298),N-W,"N-all times, W part time",-73.9214790001739 40.76677866673298,40.76677866673298,-73.9214790001739,40.76677866673298,1917,2,1,"[252, 204, 10]",1917-02-01,252,204,10
304,Jefferson St,07/14/1928,POINT (-73.9229130000312 40.706606665988716),L,L-all times,-73.9229130000312 40.706606665988716,40.706606665988716,-73.9229130000312,40.706606665988716,1928,7,14,"[167, 169, 172]",1928-07-14,167,169,172
305,Morgan Ave,07/14/1928,POINT (-73.93314700024209 40.70615166680729),L,L-all times,-73.93314700024209 40.70615166680729,40.70615166680729,-73.93314700024209,40.70615166680729,1928,7,14,"[167, 169, 172]",1928-07-14,167,169,172
306,Queens Plz,08/19/1933,POINT (-73.93713823965695 40.74891771986323),E-M-R,"E-all times, M-weekdays and evenings, R-all times exc nights",-73.93713823965695 40.74891771986323,40.74891771986323,-73.93713823965696,40.74891771986323,1933,8,19,"[252, 204, 10]",1933-08-19,252,204,10
307,18th Ave,03/16/1919,POINT (-73.97697099965796 40.62975466638584),F,F-all times,-73.97697099965796 40.62975466638584,40.62975466638584,-73.97697099965795,40.62975466638584,1919,3,16,"[255, 99, 25]",1919-03-16,255,99,25
308,77th St,01/15/1916,POINT (-74.0255099996266 40.629741666886915),R,R-all times,-74.0255099996266 40.629741666886915,40.62974166688692,-74.02550999962659,40.62974166688692,1916,1,15,"[252, 204, 10]",1916-01-15,252,204,10
309,Bay Ridge Ave,01/15/1916,POINT (-74.02337699950728 40.63496666682377),R,R-all times,-74.02337699950728 40.63496666682377,40.63496666682377,-74.02337699950728,40.63496666682377,1916,1,15,"[252, 204, 10]",1916-01-15,252,204,10
310,50th St,06/24/1916,POINT (-73.9946587805514 40.636260890961395),D,D-all times,-73.9946587805514 40.636260890961395,40.6362608909614,-73.9946587805514,40.6362608909614,1916,6,24,"[255, 99, 25]",1916-06-24,255,99,25
311,Ft Hamilton Pkwy,06/22/1915,POINT (-74.00535100046275 40.63138566722445),N,N-all times,-74.00535100046275 40.63138566722445,40.63138566722446,-74.00535100046275,40.63138566722446,1915,6,22,"[252, 204, 10]",1915-06-22,252,204,10
312,25th Ave,06/29/1916,POINT (-73.98682900011477 40.59770366695856),D,D-all times,-73.98682900011477 40.59770366695856,40.59770366695856,-73.98682900011477,40.59770366695856,1916,6,29,"[255, 99, 25]",1916-06-29,255,99,25
313,Bay Pky,06/29/1916,POINT (-73.9936762000529 40.601950461572315),D,D-all times,-73.9936762000529 40.601950461572315,40.601950461572315,-73.9936762000529,40.601950461572315,1916,6,29,"[255, 99, 25]",1916-06-29,255,99,25
314,20th Ave,06/22/1915,POINT (-73.98452199846113 40.617108999866005),N,N-all times,-73.98452199846113 40.617108999866005,40.61710899986601,-73.98452199846112,40.61710899986601,1915,6,22,"[252, 204, 10]",1915-06-22,252,204,10
315,18th Ave,06/22/1915,POINT (-73.99045399865993 40.620686997680025),N,N-all times,-73.99045399865993 40.620686997680025,40.620686997680025,-73.99045399865993,40.620686997680025,1915,6,22,"[252, 204, 10]",1915-06-22,252,204,10
316,Bay Ridge - 95th St,10/31/1925,POINT (-74.03087600085765 40.61662166725951),R,R-all times,-74.03087600085765 40.61662166725951,40.61662166725951,-74.03087600085766,40.61662166725951,1925,10,31,"[252, 204, 10]",1925-10-31,252,204,10
317,86th St,01/15/1916,POINT (-74.0283979999864 40.62268666715025),R,R-all times,-74.0283979999864 40.62268666715025,40.62268666715025,-74.02839799998641,40.62268666715025,1916,1,15,"[252, 204, 10]",1916-01-15,252,204,10
318,79th St,06/24/1916,POINT (-74.00058287431507 40.61315892569516),D,D-all times,-74.00058287431507 40.61315892569516,40.61315892569516,-74.00058287431506,40.61315892569516,1916,6,24,"[255, 99, 25]",1916-06-24,255,99,25
319,71st St,06/24/1916,POINT (-73.99884094850685 40.61925870977273),D,D-all times,-73.99884094850685 40.61925870977273,40.61925870977272,-73.99884094850684,40.61925870977272,1916,6,24,"[255, 99, 25]",1916-06-24,255,99,25
320,20th Ave,06/29/1916,POINT (-73.99817432157568 40.60467699816932),D,D-all times,-73.99817432157568 40.60467699816932,40.604676998169325,-73.99817432157569,40.604676998169325,1916,6,29,"[255, 99, 25]",1916-06-29,255,99,25
321,18th Ave,06/24/1916,POINT (-74.00159259239406 40.60773573171741),D,D-all times,-74.00159259239406 40.60773573171741,40.607735731717405,-74.00159259239406,40.607735731717405,1916,6,24,"[255, 99, 25]",1916-06-24,255,99,25
322,62nd St,06/24/1916,POINT (-73.99685724994863 40.626224462922195),D,D-all times,-73.99685724994863 40.626224462922195,40.6262244629222,-73.99685724994862,40.6262244629222,1916,6,24,"[255, 99, 25]",1916-06-24,255,99,25
323,New Utrecht Ave,06/22/1915,POINT (-73.99635300025969 40.62484166725887),N,N-all times,-73.99635300025969 40.62484166725887,40.62484166725887,-73.99635300025969,40.62484166725887,1915,6,22,"[252, 204, 10]",1915-06-22,252,204,10
324,Ave U,05/10/1919,POINT (-73.97337641974885 40.59592482551748),F,F-all times,-73.97337641974885 40.59592482551748,40.59592482551748,-73.97337641974885,40.59592482551748,1919,5,10,"[255, 99, 25]",1919-05-10,255,99,25
325,Kings Hwy,03/16/1919,POINT (-73.9723553085244 40.603258405128265),F,F-all times,-73.9723553085244 40.603258405128265,40.603258405128265,-73.97235530852441,40.603258405128265,1919,3,16,"[255, 99, 25]",1919-03-16,255,99,25
326,Brighton Beach,04/22/1917,POINT (-73.96135378598797 40.577710196642435),B-Q,"B-weekdays and evenings, Q-all times",-73.96135378598797 40.577710196642435,40.577710196642435,-73.96135378598797,40.577710196642435,1917,4,22,"[252, 204, 10]",1917-04-22,252,204,10
327,Sheepshead Bay,01/01/1907,POINT (-73.95405791257907 40.58654754707536),B-Q,"B-weekdays and evenings, Q-all times",-73.95405791257907 40.58654754707536,40.586547547075355,-73.95405791257906,40.586547547075355,1907,1,1,"[252, 204, 10]",1907-01-01,252,204,10
328,Ave U,01/01/1907,POINT (-73.95581122316301 40.59930895095475),Q,Q-all times,-73.95581122316301 40.59930895095475,40.59930895095475,-73.95581122316301,40.59930895095475,1907,1,1,"[252, 204, 10]",1907-01-01,252,204,10
329,Kings Hwy,01/01/1907,POINT (-73.95760873538083 40.608638645396006),B-Q,"B-weekdays and evenings, Q-all times",-73.95760873538083 40.608638645396006,40.608638645396006,-73.95760873538083,40.608638645396006,1907,1,1,"[252, 204, 10]",1907-01-01,252,204,10
330,Ave U,06/22/1915,POINT (-73.97908400099428 40.597235999920436),N,N-all times,-73.97908400099428 40.597235999920436,40.59723599992044,-73.97908400099428,40.59723599992044,1915,6,22,"[252, 204, 10]",1915-06-22,252,204,10
331,Kings Hwy,06/22/1915,POINT (-73.98037300229343 40.60405899980493),N,N-all times,-73.98037300229343 40.60405899980493,40.604058999804934,-73.98037300229343,40.604058999804934,1915,6,22,"[252, 204, 10]",1915-06-22,252,204,10
332,Neptune Ave,05/01/1920,POINT (-73.97459272818807 40.580738758491464),F,F-all times,-73.97459272818807 40.580738758491464,40.58073875849146,-73.97459272818807,40.58073875849146,1920,5,1,"[255, 99, 25]",1920-05-01,255,99,25
333,Ave X,05/10/1919,POINT (-73.97426599968905 40.589449666625285),F,F-all times,-73.97426599968905 40.589449666625285,40.58944966662529,-73.97426599968904,40.58944966662529,1919,5,10,"[255, 99, 25]",1919-05-10,255,99,25
334,Bay 50th St,07/21/1917,POINT (-73.98376500045946 40.58884066651933),D,D-all times,-73.98376500045946 40.58884066651933,40.588840666519324,-73.98376500045946,40.588840666519324,1917,7,21,"[255, 99, 25]",1917-07-21,255,99,25
335,Gravesend - 86th St,06/22/1915,POINT (-73.97818899936274 40.59246500088859),N,N-all times,-73.97818899936274 40.59246500088859,40.5924650008886,-73.97818899936273,40.5924650008886,1915,6,22,"[252, 204, 10]",1915-06-22,252,204,10
336,Ave P,03/16/1919,POINT (-73.97300281528751 40.608842808949916),F,F-all times,-73.97300281528751 40.608842808949916,40.60884280894992,-73.97300281528751,40.60884280894992,1919,3,16,"[255, 99, 25]",1919-03-16,255,99,25
337,Ave N,03/16/1919,POINT (-73.97404850873143 40.61435671190883),F,F-all times,-73.97404850873143 40.61435671190883,40.614356711908826,-73.97404850873144,40.614356711908826,1919,3,16,"[255, 99, 25]",1919-03-16,255,99,25
338,Bay Pky,03/16/1919,POINT (-73.9752569782215 40.62073162316788),F,F-all times,-73.9752569782215 40.62073162316788,40.62073162316789,-73.97525697822151,40.62073162316789,1919,3,16,"[255, 99, 25]",1919-03-16,255,99,25
339,Ave M,01/01/1907,POINT (-73.9592431052215 40.617397744443736),Q,Q-all times,-73.9592431052215 40.617397744443736,40.617397744443736,-73.9592431052215,40.617397744443736,1907,1,1,"[252, 204, 10]",1907-01-01,252,204,10
340,Bay Pky,06/22/1915,POINT (-73.98178001069293 40.61145578989005),N,N-all times,-73.98178001069293 40.61145578989005,40.611455789890044,-73.98178001069294,40.611455789890044,1915,6,22,"[252, 204, 10]",1915-06-22,252,204,10
341,Ave I,03/16/1919,POINT (-73.97606933170925 40.62501744019143),F,F-all times,-73.97606933170925 40.62501744019143,40.62501744019143,-73.97606933170925,40.62501744019143,1919,3,16,"[255, 99, 25]",1919-03-16,255,99,25
342,Ave J,01/01/1907,POINT (-73.96069316246925 40.625022819915166),Q,Q-all times,-73.96069316246925 40.625022819915166,40.62502281991517,-73.96069316246925,40.62502281991517,1907,1,1,"[252, 204, 10]",1907-01-01,252,204,10
343,Ave H,01/01/1907,POINT (-73.96151793942495 40.62920837758969),Q,Q-all times,-73.96151793942495 40.62920837758969,40.62920837758969,-73.96151793942495,40.62920837758969,1907,1,1,"[252, 204, 10]",1907-01-01,252,204,10
344,Neck Rd,01/01/1907,POINT (-73.95507827493762 40.59532169111695),Q,Q-all times,-73.95507827493762 40.59532169111695,40.59532169111695,-73.95507827493763,40.59532169111695,1907,1,1,"[252, 204, 10]",1907-01-01,252,204,10
345,21st St - Queensbridge,10/29/1989,POINT (-73.94193761457447 40.75373927087553),F,F-all times,-73.94193761457447 40.75373927087553,40.75373927087553,-73.94193761457447,40.75373927087553,1989,10,29,"[255, 99, 25]",1989-10-29,255,99,25
346,50th St,09/10/1932,POINT (-73.98598400026407 40.76245599925997),A-C-E,"A-nights, C-all other times, E-all times",-73.98598400026407 40.76245599925997,40.76245599925997,-73.98598400026407,40.76245599925997,1932,9,10,"[40, 80, 173]",1932-09-10,40,80,173
347,7th Ave,08/19/1933,POINT (-73.98169782344476 40.76297015245628),B-D-E,"D,E-all times, B-weekdays and evenings",-73.98169782344476 40.76297015245628,40.76297015245628,-73.98169782344476,40.76297015245628,1933,8,19,"[255, 99, 25]",1933-08-19,255,99,25
348,47th-50th Sts - Rockefeller Ctr,12/15/1940,POINT (-73.98133100227702 40.75864100159815),B-D-F-M,"B,M-weekdays and evenings, D,F-all times",-73.98133100227702 40.75864100159815,40.75864100159815,-73.98133100227702,40.75864100159815,1940,12,15,"[255, 99, 25]",1940-12-15,255,99,25
349,57th St,07/01/1968,POINT (-73.97736800085171 40.76408500081713),F,F-all times,-73.97736800085171 40.76408500081713,40.76408500081713,-73.97736800085171,40.76408500081713,1968,7,1,"[255, 99, 25]",1968-07-01,255,99,25
350,Lexington Ave - 63rd St,10/29/1989,POINT (-73.96608964413245 40.76461809442373),F-Q,"F-all times, Q all times",-73.96608964413245 40.76461809442373,40.76461809442373,-73.96608964413245,40.76461809442373,1989,10,29,"[252, 204, 10]",1989-10-29,252,204,10
351,Roosevelt Island - Main St,10/29/1989,POINT (-73.95323499978866 40.75917199967108),F,F-all times,-73.95323499978866 40.75917199967108,40.759171999671075,-73.95323499978866,40.759171999671075,1989,10,29,"[255, 99, 25]",1989-10-29,255,99,25
352,59th St - Columbus Circle,09/10/1932,POINT (-73.98164872301398 40.768249531776064),A-B-C-D,"A,D-all times, B-weekdays and evenings, C-all times exc nights",-73.98164872301398 40.768249531776064,40.768249531776064,-73.98164872301399,40.768249531776064,1932,9,10,"[255, 99, 25]",1932-09-10,255,99,25
353,49th St,07/10/1919,POINT (-73.98420956591096 40.759801973870694),N-Q-R-W,"N-all times, Q-all times exc weekends, R-all times exc nights, W part time",-73.98420956591096 40.759801973870694,40.75980197387069,-73.98420956591094,40.75980197387069,1919,7,10,"[252, 204, 10]",1919-07-10,252,204,10
354,57th St,07/10/1919,POINT (-73.98072973372128 40.76456552501829),N-Q-R-W,"N,Q-all times, R-all times exc nights, W part time",-73.98072973372128 40.76456552501829,40.764565525018284,-73.98072973372129,40.764565525018284,1919,7,10,"[252, 204, 10]",1919-07-10,252,204,10
355,5th Ave - 59th St,08/01/1920,POINT (-73.97334700047045 40.764810999755284),N-R-W,"N-all times, R-all times exc nights, W part time",-73.97334700047045 40.764810999755284,40.764810999755284,-73.97334700047045,40.764810999755284,1920,8,1,"[252, 204, 10]",1920-08-01,252,204,10
356,Lexington Ave - 59th St,08/01/1920,POINT (-73.96737501711436 40.762708855394564),N-R-W,"N-all times, R-all times exc nights, W part time",-73.96737501711436 40.762708855394564,40.762708855394564,-73.96737501711436,40.762708855394564,1920,8,1,"[252, 204, 10]",1920-08-01,252,204,10
357,34th St - Penn Station,06/03/1917,POINT (-73.99105699913983 40.75037300003949),1-2-3,"1,2,3-all times",-73.99105699913983 40.75037300003949,40.75037300003949,-73.99105699913983,40.75037300003949,1917,6,3,"[238, 53, 46]",1917-06-03,238,53,46
358,Times Sq - 42nd St,06/03/1917,POINT (-73.98749500051885 40.75528999995681),1-2-3,"1,2,3-all times",-73.98749500051885 40.75528999995681,40.755289999956815,-73.98749500051885,40.755289999956815,1917,6,3,"[238, 53, 46]",1917-06-03,238,53,46
359,Fulton St,02/01/1933,POINT (-74.00762309323994 40.71016216530185),A-C,"A-all times, C-all times exc nights",-74.00762309323994 40.71016216530185,40.71016216530185,-74.00762309323994,40.71016216530185,1933,2,1,"[40, 80, 173]",1933-02-01,40,80,173
360,Chambers St,09/10/1932,POINT (-74.00858473570133 40.714111000774025),A-C,"A-all times, C-all times exc nights",-74.00858473570133 40.714111000774025,40.71411100077402,-74.00858473570133,40.71411100077402,1932,9,10,"[40, 80, 173]",1932-09-10,40,80,173
361,42nd St - Port Authority Bus Term,09/10/1932,POINT (-73.98973500085859 40.757307998551504),A-C-E,"A,E-all times, C-all times exc nights",-73.98973500085859 40.757307998551504,40.757307998551504,-73.98973500085859,40.757307998551504,1932,9,10,"[40, 80, 173]",1932-09-10,40,80,173
362,Myrtle-Willoughby Aves,07/01/1937,POINT (-73.94906699890156 40.69461899903765),G,G-all times,-73.94906699890156 40.69461899903765,40.694618999037644,-73.94906699890156,40.694618999037644,1937,7,1,"[108, 190, 69]",1937-07-01,108,190,69
363,Flushing Ave,07/01/1937,POINT (-73.9502340010257 40.70037666622154),G,G-all times,-73.9502340010257 40.70037666622154,40.70037666622154,-73.9502340010257,40.70037666622154,1937,7,1,"[108, 190, 69]",1937-07-01,108,190,69
364,23rd St,12/15/1940,POINT (-73.99276500471389 40.742954317826005),F-M,"F-all times, M-weekdays and evenings",-73.99276500471389 40.742954317826005,40.74295431782601,-73.99276500471389,40.74295431782601,1940,12,15,"[255, 99, 25]",1940-12-15,255,99,25
365,Herald Sq - 34th St,12/15/1940,POINT (-73.98777189072918 40.74978939990011),B-D-F-M,"B,M-weekdays and evenings, D,F-all times",-73.98777189072918 40.74978939990011,40.74978939990011,-73.98777189072919,40.74978939990011,1940,12,15,"[255, 99, 25]",1940-12-15,255,99,25
366,Hoyt - Schermerhorn Sts,04/09/1936,POINT (-73.98503624034139 40.68840847580642),A-C-G,"A,G-all times, C-all times exc nights",-73.98503624034139 40.68840847580642,40.68840847580642,-73.98503624034139,40.68840847580642,1936,4,9,"[108, 190, 69]",1936-04-09,108,190,69
367,Jay St - MetroTech,02/01/1933,POINT (-73.98721815267317 40.692470636847084),A-C-F,"A,F-all times, C-all times exc nights",-73.98721815267317 40.692470636847084,40.6924706368471,-73.98721815267317,40.6924706368471,1933,2,1,"[255, 99, 25]",1933-02-01,255,99,25
368,East Broadway,04/09/1936,POINT (-73.99017700122197 40.713855001020406),F,F-all times,-73.99017700122197 40.713855001020406,40.713855001020406,-73.99017700122197,40.713855001020406,1936,4,9,"[255, 99, 25]",1936-04-09,255,99,25
369,Delancey St - Essex St,04/09/1936,POINT (-73.98807806807719 40.71868074219453),F,F-all times,-73.98807806807719 40.71868074219453,40.718680742194536,-73.98807806807719,40.718680742194536,1936,4,9,"[255, 99, 25]",1936-04-09,255,99,25
370,Lower East Side - 2nd Ave,01/01/1936,POINT (-73.98993800003434 40.72340166574911),F,F-all times,-73.98993800003434 40.72340166574911,40.72340166574911,-73.98993800003434,40.72340166574911,1936,1,1,"[255, 99, 25]",1936-01-01,255,99,25
371,Flushing Ave,01/17/1916,POINT (-73.94137734838365 40.70040440298112),J-M,"J-all times, skips weekdays AM westbound, PM eastbound, M-all times exc nights",-73.94137734838365 40.70040440298112,40.70040440298112,-73.94137734838365,40.70040440298112,1916,1,17,"[153, 102, 51]",1916-01-17,153,102,51
372,Myrtle Ave,01/17/1916,POINT (-73.9356230012996 40.6971950005145),J-M-Z,"J,M-all times, Z-rush hours AM westbound, PM eastbound",-73.9356230012996 40.6971950005145,40.6971950005145,-73.93562300129959,40.6971950005145,1916,1,17,"[153, 102, 51]",1916-01-17,153,102,51
373,4th Av - 9th St,10/07/1933,POINT (-73.98977899938897 40.67027166728493),F-G,"F,G-all times",-73.98977899938897 40.67027166728493,40.67027166728493,-73.98977899938897,40.67027166728493,1933,10,7,"[108, 190, 69]",1933-10-07,108,190,69
374,Smith - 9th Sts,10/07/1933,POINT (-73.99589172790934 40.67364106090412),F-G,"F,G-all times",-73.99589172790934 40.67364106090412,40.67364106090412,-73.99589172790935,40.67364106090412,1933,10,7,"[108, 190, 69]",1933-10-07,108,190,69
375,Bergen St,03/20/1933,POINT (-73.99075649573565 40.68611054725977),F-G,"F,G-all times",-73.99075649573565 40.68611054725977,40.68611054725977,-73.99075649573565,40.68611054725977,1933,3,20,"[108, 190, 69]",1933-03-20,108,190,69
376,Jay St - MetroTech,08/01/1920,POINT (-73.98605667854612 40.69225539645323),N-R,"N-nights, R-all other times",-73.98605667854612 40.69225539645323,40.69225539645323,-73.98605667854612,40.69225539645323,1920,8,1,"[252, 204, 10]",1920-08-01,252,204,10
377,Court St,08/01/1920,POINT (-73.99181830901125 40.694196480776995),N-R,"N-nights, R-all other times",-73.99181830901125 40.694196480776995,40.694196480777,-73.99181830901125,40.694196480777,1920,8,1,"[252, 204, 10]",1920-08-01,252,204,10
378,Union Sq - 14th St,09/04/1917,POINT (-73.99053886181645 40.73587226699812),N-Q-R-W,"N,Q-all times, R-all times exc nights",-73.99053886181645 40.73587226699812,40.73587226699812,-73.99053886181646,40.73587226699812,1917,9,4,"[252, 204, 10]",1917-09-04,252,204,10
379,23rd St,01/05/1918,POINT (-73.98934400102907 40.74130266729),N-Q-R-W,"N-all times, Q-nights, R-all times exc nights",-73.98934400102907 40.74130266729,40.74130266729,-73.98934400102907,40.74130266729,1918,1,5,"[252, 204, 10]",1918-01-05,252,204,10
380,Prospect Ave,06/22/1915,POINT (-73.99287200067424 40.66541366712979),D-N-R,"D,N-nights, R-all other times",-73.99287200067424 40.66541366712979,40.66541366712979,-73.99287200067424,40.66541366712979,1915,6,22,"[252, 204, 10]",1915-06-22,252,204,10
381,4th Av - 9th St,06/22/1915,POINT (-73.98830199974512 40.670846666842756),D-N-R,"D,N-nights, R-all other times",-73.98830199974512 40.670846666842756,40.670846666842756,-73.98830199974512,40.670846666842756,1915,6,22,"[252, 204, 10]",1915-06-22,252,204,10
382,3rd Ave,06/30/1924,POINT (-73.98575000112093 40.73269099971662),L,L-all times,-73.98575000112093 40.73269099971662,40.73269099971662,-73.98575000112093,40.73269099971662,1924,6,30,"[167, 169, 172]",1924-06-30,167,169,172
383,Union Sq - 14th St,06/30/1924,POINT (-73.99066976901818 40.73476331217923),L,L-all times,-73.99066976901818 40.73476331217923,40.734763312179226,-73.99066976901818,40.734763312179226,1924,6,30,"[167, 169, 172]",1924-06-30,167,169,172
384,Liberty Ave,11/28/1948,POINT (-73.89654800103929 40.67454199987086),A-C,"A-nights, C-all other times",-73.89654800103929 40.67454199987086,40.67454199987086,-73.89654800103929,40.67454199987086,1948,11,28,"[40, 80, 173]",1948-11-28,40,80,173
385,Broadway Junction,12/30/1946,POINT (-73.90531600055341 40.67833366608023),A-C,"A-all times, C-all times exc nights",-73.90531600055341 40.67833366608023,40.67833366608023,-73.90531600055341,40.67833366608023,1946,12,30,"[40, 80, 173]",1946-12-30,40,80,173
386,59th St,06/22/1915,POINT (-74.01788099953987 40.6413616662838),N-R,"N,R-all times",-74.01788099953987 40.6413616662838,40.6413616662838,-74.01788099953987,40.6413616662838,1915,6,22,"[252, 204, 10]",1915-06-22,252,204,10
387,45th St,06/22/1915,POINT (-74.01000600074939 40.648938666612814),N-R,"N-nights, R-all times, skips nights northbound",-74.01000600074939 40.648938666612814,40.648938666612814,-74.01000600074939,40.648938666612814,1915,6,22,"[252, 204, 10]",1915-06-22,252,204,10
388,36th St,06/22/1915,POINT (-74.00354899951809 40.65514366633887),D-N-R,"D,N,R-all times",-74.00354899951809 40.65514366633887,40.655143666338866,-74.00354899951809,40.655143666338866,1915,6,22,"[252, 204, 10]",1915-06-22,252,204,10
389,9th Ave,06/24/1916,POINT (-73.99444874451204 40.64648407726636),D,D-all times,-73.99444874451204 40.64648407726636,40.64648407726636,-73.99444874451204,40.64648407726636,1916,6,24,"[255, 99, 25]",1916-06-24,255,99,25
390,53rd St,06/22/1915,POINT (-74.01403399986317 40.64506866735981),N-R,"N-nights, R-all times, skips nights northbound",-74.01403399986317 40.64506866735981,40.645068667359816,-74.01403399986317,40.645068667359816,1915,6,22,"[252, 204, 10]",1915-06-22,252,204,10
391,Ft Hamilton Pkwy,06/24/1916,POINT (-73.9942022375285 40.640912711444656),D,D-all times,-73.9942022375285 40.640912711444656,40.640912711444656,-73.9942022375285,40.640912711444656,1916,6,24,"[255, 99, 25]",1916-06-24,255,99,25
392,25th St,06/22/1915,POINT (-73.99809099974297 40.66039666692321),D-N-R,"D,N-nights, R-all other times",-73.99809099974297 40.66039666692321,40.66039666692321,-73.99809099974297,40.66039666692321,1915,6,22,"[252, 204, 10]",1915-06-22,252,204,10
393,Carroll St,10/07/1933,POINT (-73.99494697998841 40.68027335170176),F-G,"F,G-all times",-73.99494697998841 40.68027335170176,40.68027335170176,-73.9949469799884,40.68027335170176,1933,10,7,"[108, 190, 69]",1933-10-07,108,190,69
394,Spring St,09/10/1932,POINT (-74.00373899843763 40.72622700129312),A-C-E,"A-nights, C-all other times, E-all times",-74.00373899843763 40.72622700129312,40.72622700129312,-74.00373899843763,40.72622700129312,1932,9,10,"[40, 80, 173]",1932-09-10,40,80,173
395,181st St,09/10/1932,POINT (-73.93796900205011 40.851694999744616),A,A-all times,-73.93796900205011 40.851694999744616,40.851694999744616,-73.93796900205011,40.851694999744616,1932,9,10,"[40, 80, 173]",1932-09-10,40,80,173
396,190th St,09/10/1932,POINT (-73.93417999964333 40.85902199892482),A,A-all times,-73.93417999964333 40.85902199892482,40.85902199892482,-73.93417999964332,40.85902199892482,1932,9,10,"[40, 80, 173]",1932-09-10,40,80,173
397,116th St,09/10/1932,POINT (-73.95479778057312 40.80505813344211),A-B-C,"A-nights, B-weekdays and evenings, C-all times exc nights",-73.95479778057312 40.80505813344211,40.80505813344211,-73.95479778057313,40.80505813344211,1932,9,10,"[255, 99, 25]",1932-09-10,255,99,25
398,125th St,09/10/1932,POINT (-73.95224799734774 40.811071672994565),A-B-C-D,"A,D-all times, B-weekdays and evenings, C-all times exc nights",-73.95224799734774 40.811071672994565,40.81107167299457,-73.95224799734774,40.81107167299457,1932,9,10,"[255, 99, 25]",1932-09-10,255,99,25
399,Prince St,09/04/1917,POINT (-73.99770200045987 40.72432866597571),N-Q-R-W,"N-all times, Q-nights, R-all times exc nights",-73.99770200045987 40.72432866597571,40.72432866597571,-73.99770200045987,40.72432866597571,1917,9,4,"[252, 204, 10]",1917-09-04,252,204,10
400,8th St - NYU,09/04/1917,POINT (-73.99250799849149 40.73046499853991),N-Q-R-W,"N-all times, Q-nights, R-all times exc nights",-73.99250799849149 40.73046499853991,40.73046499853991,-73.99250799849149,40.73046499853991,1917,9,4,"[252, 204, 10]",1917-09-04,252,204,10
401,Fulton St,07/01/1918,POINT (-74.00657099970202 40.70941599925865),2-3,"2-all times, 3-all times exc nights",-74.00657099970202 40.70941599925865,40.709415999258646,-74.00657099970202,40.709415999258646,1918,7,1,"[238, 53, 46]",1918-07-01,238,53,46
402,Park Pl,07/01/1918,POINT (-74.00881099997359 40.713050999077694),2-3,"2-all times, 3-all times exc nights",-74.00881099997359 40.713050999077694,40.713050999077694,-74.00881099997359,40.713050999077694,1918,7,1,"[238, 53, 46]",1918-07-01,238,53,46
403,Chambers St,07/01/1918,POINT (-74.00926600170112 40.71547800011327),1-2-3,"1,2-all times, 3-all times exc nights",-74.00926600170112 40.71547800011327,40.71547800011327,-74.00926600170112,40.71547800011327,1918,7,1,"[238, 53, 46]",1918-07-01,238,53,46
404,Hoyt St,05/01/1908,POINT (-73.98506379575646 40.69054418535472),2-3,"2-all times, 3-all times exc nights",-73.98506379575646 40.69054418535472,40.69054418535472,-73.98506379575646,40.69054418535472,1908,5,1,"[238, 53, 46]",1908-05-01,238,53,46
405,Borough Hall,04/15/1919,POINT (-73.98999799960687 40.693218999611084),2-3,"2-all times, 3-all times exc nights",-73.98999799960687 40.693218999611084,40.69321899961109,-73.98999799960687,40.69321899961109,1919,4,15,"[238, 53, 46]",1919-04-15,238,53,46
406,183rd St,06/02/1917,POINT (-73.90387900151532 40.85840700040842),4,4-all times,-73.90387900151532 40.85840700040842,40.85840700040842,-73.90387900151529,40.85840700040842,1917,6,2,"[0, 147, 60]",1917-06-02,0,147,60
407,Fordham Rd,06/02/1917,POINT (-73.90103399921699 40.86280299988937),4,4-all times,-73.90103399921699 40.86280299988937,40.86280299988937,-73.90103399921699,40.86280299988937,1917,6,2,"[0, 147, 60]",1917-06-02,0,147,60
408,World Trade Center,09/10/1932,POINT (-74.00974461517701 40.71256392680817),E,E-all times,-74.00974461517701 40.71256392680817,40.71256392680817,-74.00974461517701,40.71256392680817,1932,9,10,"[40, 80, 173]",1932-09-10,40,80,173
409,Canal St - Holland Tunnel,09/10/1932,POINT (-74.0052290023424 40.72082400007119),A-C-E,"A,E-all times, C-all times exc nights",-74.0052290023424 40.72082400007119,40.72082400007119,-74.0052290023424,40.72082400007119,1932,9,10,"[40, 80, 173]",1932-09-10,40,80,173
410,155th St,09/10/1932,POINT (-73.94151400082208 40.83051799929251),A-C,"A-nights, C-all other times",-73.94151400082208 40.83051799929251,40.83051799929251,-73.94151400082208,40.83051799929251,1932,9,10,"[40, 80, 173]",1932-09-10,40,80,173
411,163rd St - Amsterdam Av,09/10/1932,POINT (-73.93989200188344 40.83601299923096),A-C,"A-nights, C-all other times",-73.93989200188344 40.83601299923096,40.83601299923096,-73.93989200188344,40.83601299923096,1932,9,10,"[40, 80, 173]",1932-09-10,40,80,173
412,Fulton St,05/30/1931,POINT (-74.00793800110387 40.71002266658424),J-Z,"J-all times, Z-rush hours AM westbound, PM eastbound",-74.00793800110387 40.71002266658424,40.710022666584244,-74.00793800110388,40.710022666584244,1931,5,30,"[153, 102, 51]",1931-05-30,153,102,51
413,Chambers St,08/04/1913,POINT (-74.00340673031336 40.71323378962671),J-Z,"J-all times, Z-rush hours AM westbound, PM eastbound",-74.00340673031336 40.71323378962671,40.71323378962671,-74.00340673031336,40.71323378962671,1913,8,4,"[153, 102, 51]",1913-08-04,153,102,51
414,Canal St,08/04/1913,POINT (-73.99982638545937 40.71817387697391),J-Z,"J-all times, Z-rush hours AM westbound, PM eastbound",-73.99982638545937 40.71817387697391,40.71817387697391,-73.99982638545937,40.71817387697391,1913,8,4,"[153, 102, 51]",1913-08-04,153,102,51
415,City Hall,01/05/1918,POINT (-74.00698581780337 40.71327233111697),R-W,"N-nights, R-all other times",-74.00698581780337 40.71327233111697,40.71327233111697,-74.00698581780337,40.71327233111697,1918,1,5,"[252, 204, 10]",1918-01-05,252,204,10
416,Canal St,01/05/1918,POINT (-74.0018260000577 40.71946500105898),R-W,"N-nights, R-all other times",-74.0018260000577 40.71946500105898,40.71946500105897,-74.0018260000577,40.71946500105897,1918,1,5,"[252, 204, 10]",1918-01-05,252,204,10
417,South Ferry,03/16/2009,POINT (-74.01316895919258 40.701730507574474),1,1-all times,-74.01316895919258 40.701730507574474,40.701730507574474,-74.01316895919258,40.701730507574474,2009,3,16,"[238, 53, 46]",2009-03-16,238,53,46
418,Bowling Green,07/10/1905,POINT (-74.01400799803432 40.70491399928076),4-5,"4-all times, 5-all times exc nights",-74.01400799803432 40.70491399928076,40.704913999280755,-74.01400799803432,40.704913999280755,1905,7,10,"[0, 147, 60]",1905-07-10,0,147,60
419,Wall St,06/12/1905,POINT (-74.01186199860112 40.70755700086603),4-5,"4-all times, 5-weekdays",-74.01186199860112 40.70755700086603,40.70755700086603,-74.01186199860112,40.70755700086603,1905,6,12,"[0, 147, 60]",1905-06-12,0,147,60
420,Whitehall St,01/05/1918,POINT (-74.0130072374272 40.703142373599135),R-W,"N-nights, R-all other times",-74.0130072374272 40.703142373599135,40.703142373599135,-74.0130072374272,40.703142373599135,1918,1,5,"[252, 204, 10]",1918-01-05,252,204,10
421,Rector St,01/05/1918,POINT (-74.01297456253795 40.707744756294474),R-W,"N-nights, R-all other times",-74.01297456253795 40.707744756294474,40.707744756294474,-74.01297456253796,40.707744756294474,1918,1,5,"[252, 204, 10]",1918-01-05,252,204,10
422,Fresh Pond Rd,02/22/1915,POINT (-73.8958980017196 40.70622599823048),M,M-all times,-73.8958980017196 40.70622599823048,40.70622599823048,-73.89589800171959,40.70622599823048,1915,2,22,"[255, 99, 25]",1915-02-22,255,99,25
423,Middle Village - Metropolitan Ave,02/22/1915,POINT (-73.88957722978091 40.711431305058255),M,M-all times,-73.88957722978091 40.711431305058255,40.71143130505826,-73.8895772297809,40.71143130505826,1915,2,22,"[255, 99, 25]",1915-02-22,255,99,25
424,Rector St,07/01/1918,POINT (-74.01378300119742 40.707512999521775),1,1-all times,-74.01378300119742 40.707512999521775,40.707512999521775,-74.01378300119742,40.707512999521775,1918,7,1,"[238, 53, 46]",1918-07-01,238,53,46
425,Cortlandt St,07/01/1918,POINT (-74.01218800112292 40.7118350008202),1,Temporarily closed,-74.01218800112292 40.7118350008202,40.7118350008202,-74.01218800112292,40.7118350008202,1918,7,1,"[238, 53, 46]",1918-07-01,238,53,46
426,Fulton St,01/16/1905,POINT (-74.00950899856461 40.710367998822136),4-5,"4-all times, 5-weekdays",-74.00950899856461 40.710367998822136,40.71036799882213,-74.00950899856461,40.71036799882213,1905,1,16,"[0, 147, 60]",1905-01-16,0,147,60
427,Broad St,05/30/1931,POINT (-74.01105599991755 40.706476001106005),J-Z,"J-all times, Z-rush hours AM westbound, PM eastbound",-74.01105599991755 40.706476001106005,40.70647600110601,-74.01105599991755,40.70647600110601,1931,5,30,"[153, 102, 51]",1931-05-30,153,102,51
428,Cortlandt St,01/05/1918,POINT (-74.01113196473266 40.7105129841524),R-W,"N-nights, R-all other times",-74.01113196473266 40.7105129841524,40.710512984152395,-74.01113196473266,40.710512984152395,1918,1,5,"[252, 204, 10]",1918-01-05,252,204,10
429,Wall St,07/01/1918,POINT (-74.00909999844257 40.706820999753376),2-3,"2-all times, 3-all times exc nights",-74.00909999844257 40.706820999753376,40.706820999753376,-74.00909999844257,40.706820999753376,1918,7,1,"[238, 53, 46]",1918-07-01,238,53,46
430,Dyckman St,09/10/1932,POINT (-73.92727099960726 40.865490998968916),A,A-all times,-73.92727099960726 40.865490998968916,40.86549099896892,-73.92727099960727,40.86549099896892,1932,9,10,"[40, 80, 173]",1932-09-10,40,80,173
431,Grand St,12/26/1967,POINT (-73.99375299913589 40.71826699954992),B-D,"B-weekdays and evenings, D-all times",-73.99375299913589 40.71826699954992,40.718266999549925,-73.99375299913589,40.718266999549925,1967,12,26,"[255, 99, 25]",1967-12-26,255,99,25
432,Broadway - Lafayette St,01/01/1936,POINT (-73.99620399876055 40.725296998738045),B-D-F-M,"B,M-weekdays and evenings, D,F-all times",-73.99620399876055 40.725296998738045,40.725296998738045,-73.99620399876055,40.725296998738045,1936,1,1,"[255, 99, 25]",1936-01-01,255,99,25
433,Bowery,08/04/1913,POINT (-73.99380690654237 40.720246883147254),J-Z,"J-all times, Z-rush hours AM westbound, PM eastbound",-73.99380690654237 40.720246883147254,40.72024688314725,-73.99380690654237,40.72024688314725,1913,8,4,"[153, 102, 51]",1913-08-04,153,102,51
434,Canal St,09/04/1917,POINT (-74.00105471306033 40.718814263587134),N-Q,"N-all times, Q-weekdays and evenings",-74.00105471306033 40.718814263587134,40.718814263587134,-74.00105471306033,40.718814263587134,1917,9,4,"[252, 204, 10]",1917-09-04,252,204,10
435,23rd St,09/10/1932,POINT (-73.99804100117201 40.74590599939995),A-C-E,"A-nights, C-all other times, E-all times",-73.99804100117201 40.74590599939995,40.74590599939995,-73.99804100117201,40.74590599939995,1932,9,10,"[40, 80, 173]",1932-09-10,40,80,173
436,34th St - Penn Station,09/10/1932,POINT (-73.99339099970578 40.752287000775894),A-C-E,"A,E-all times, C-all times exc nights",-73.99339099970578 40.752287000775894,40.75228700077589,-73.99339099970578,40.75228700077589,1932,9,10,"[40, 80, 173]",1932-09-10,40,80,173
437,Jackson Hts - Roosevelt Av,08/19/1933,POINT (-73.89129866519697 40.74653969115889),E-F-M-R,"E,F-all times, M-weekdays and evenings, R-all times exc nights",-73.89129866519697 40.74653969115889,40.7465396911589,-73.89129866519697,40.7465396911589,1933,8,19,"[252, 204, 10]",1933-08-19,252,204,10
438,14th St,07/01/1918,POINT (-74.00020100063497 40.737825999728116),1-2-3,"1,2-all times, 3-all times exc nights",-74.00020100063497 40.737825999728116,40.737825999728116,-74.00020100063496,40.737825999728116,1918,7,1,"[238, 53, 46]",1918-07-01,238,53,46
439,135th St,09/10/1932,POINT (-73.94753480879213 40.817905559212676),A-B-C,"A-nights, B-weekdays and evenings, C-all times exc nights",-73.94753480879213 40.817905559212676,40.81790555921268,-73.94753480879213,40.81790555921268,1932,9,10,"[255, 99, 25]",1932-09-10,255,99,25
440,14th St,12/15/1940,POINT (-73.99620899921355 40.73822799969515),F-M,"F-all times, M-weekdays and evenings",-73.99620899921355 40.73822799969515,40.73822799969515,-73.99620899921354,40.73822799969515,1940,12,15,"[255, 99, 25]",1940-12-15,255,99,25
441,6th Ave,06/30/1924,POINT (-73.99775078874781 40.73774146981052),L,L-all times,-73.99775078874781 40.73774146981052,40.73774146981052,-73.99775078874782,40.73774146981052,1924,6,30,"[167, 169, 172]",1924-06-30,167,169,172
442,8th Ave,05/30/1931,POINT (-74.00257800104762 40.73977666638199),L,L-all times,-74.00257800104762 40.73977666638199,40.73977666638199,-74.00257800104762,40.73977666638199,1931,5,30,"[167, 169, 172]",1931-05-30,167,169,172
443,14th St,09/10/1932,POINT (-74.00168999937027 40.740893000193296),A-C-E,"A,E-all times, C-all times exc nights",-74.00168999937027 40.740893000193296,40.740893000193296,-74.00168999937027,40.740893000193296,1932,9,10,"[40, 80, 173]",1932-09-10,40,80,173
444,Nostrand Ave,08/23/1920,POINT (-73.9504262489579 40.66993815093054),3-4,"4-nights, 3-all other times",-73.9504262489579 40.66993815093054,40.66993815093054,-73.95042624895791,40.66993815093054,1920,8,23,"[0, 147, 60]",1920-08-23,0,147,60
445,Clark St,04/15/1919,POINT (-73.99308599821961 40.69746599996469),2-3,"2-all times, 3-all times exc nights",-73.99308599821961 40.69746599996469,40.697465999964685,-73.99308599821961,40.697465999964685,1919,4,15,"[238, 53, 46]",1919-04-15,238,53,46
446,Franklin Ave,04/09/1936,POINT (-73.95684800014614 40.68137966658742),A-C,"A-nights, C-all other times",-73.95684800014614 40.68137966658742,40.68137966658742,-73.95684800014614,40.68137966658742,1936,4,9,"[40, 80, 173]",1936-04-09,40,80,173
447,Clinton - Washington Aves,04/09/1936,POINT (-73.96583799857275 40.68326299912644),A-C,"A-nights, C-all other times",-73.96583799857275 40.68326299912644,40.68326299912644,-73.96583799857275,40.68326299912644,1936,4,9,"[40, 80, 173]",1936-04-09,40,80,173
448,Forest Ave,02/22/1915,POINT (-73.90307500005954 40.70441200087814),M,M-all times,-73.90307500005954 40.70441200087814,40.704412000878136,-73.90307500005954,40.704412000878136,1915,2,22,"[255, 99, 25]",1915-02-22,255,99,25
449,110th St,07/17/1918,POINT (-73.94424999687163 40.795020000113105),4-6-6 Express,"4 nights, 6-all times, 6 Express-weekdays AM southbound, PM northbound",-73.94424999687163 40.795020000113105,40.79502000011311,-73.94424999687162,40.79502000011311,1918,7,17,"[0, 147, 60]",1918-07-17,0,147,60
450,86th St,07/17/1918,POINT (-73.95558899985132 40.77949199820952),4-5-6-6 Express,"4,6-all times, 5-all times exc nights, 6 Express-weekdays AM southbound, PM northbound",-73.95558899985132 40.77949199820952,40.77949199820952,-73.95558899985132,40.77949199820952,1918,7,17,"[0, 147, 60]",1918-07-17,0,147,60
451,York St,04/09/1936,POINT (-73.98688499993673 40.699742667691574),F,F-all times,-73.98688499993673 40.699742667691574,40.69974266769157,-73.98688499993673,40.69974266769157,1936,4,9,"[255, 99, 25]",1936-04-09,255,99,25
452,High St,02/01/1933,POINT (-73.99053100065458 40.69933699977884),A-C,"A-all times, C-all times exc nights",-73.99053100065458 40.69933699977884,40.69933699977884,-73.99053100065457,40.69933699977884,1933,2,1,"[40, 80, 173]",1933-02-01,40,80,173
453,Lafayette Ave,04/09/1936,POINT (-73.97394599849406 40.68611300020567),A-C,"A-nights, C-all other times",-73.97394599849406 40.68611300020567,40.68611300020567,-73.97394599849406,40.68611300020567,1936,4,9,"[40, 80, 173]",1936-04-09,40,80,173
454,President St,08/23/1920,POINT (-73.95058920022207 40.667883603536815),2-5,"2-all times, 5 weekdays",-73.95058920022207 40.667883603536815,40.66788360353681,-73.95058920022207,40.66788360353681,1920,8,23,"[0, 147, 60]",1920-08-23,0,147,60
455,Woodlawn,04/15/1918,POINT (-73.87875099990931 40.886037000253324),4,4-all times,-73.87875099990931 40.886037000253324,40.88603700025333,-73.87875099990931,40.88603700025333,1918,4,15,"[0, 147, 60]",1918-04-15,0,147,60
456,Bleecker St,10/27/1904,POINT (-73.99465900006331 40.72591466682659),4-6-6 Express,"4 nights, 6-all times, 6 Express-weekdays PM",-73.99465900006331 40.72591466682659,40.72591466682659,-73.99465900006331,40.72591466682659,1904,10,27,"[0, 147, 60]",1904-10-27,0,147,60
457,103rd St,07/17/1918,POINT (-73.94747800152219 40.79060000008452),4-6-6 Express,"4 nights, 6-all times, 6 Express-weekdays AM southbound, PM northbound",-73.94747800152219 40.79060000008452,40.79060000008453,-73.94747800152219,40.79060000008453,1918,7,17,"[0, 147, 60]",1918-07-17,0,147,60
458,Euclid Ave,11/28/1948,POINT (-73.87210600099675 40.675376998239365),A-C-S,"S to Ozone Park-Lefferts Blvd-nights, C-all other times, A-all times",-73.87210600099675 40.675376998239365,40.67537699823937,-73.87210600099675,40.67537699823937,1948,11,28,"[128, 129, 131]",1948-11-28,128,129,131
459,88th St,04/29/1956,POINT (-73.85147000026086 40.67984300135503),A-S,"A-all times, S Euclid Av to Ozone Park-Lefferts Blvd-nights",-73.85147000026086 40.67984300135503,40.67984300135503,-73.85147000026086,40.67984300135503,1956,4,29,"[128, 129, 131]",1956-04-29,128,129,131
460,Cortelyou Rd,01/01/1907,POINT (-73.96379005505493 40.6409401651401),Q,Q-all times,-73.96379005505493 40.6409401651401,40.6409401651401,-73.96379005505494,40.6409401651401,1907,1,1,"[252, 204, 10]",1907-01-01,252,204,10
461,116th St,07/17/1918,POINT (-73.9416169983714 40.7986290002001),4-6-6 Express,"4 nights, 6-all times, 6 Express-weekdays AM southbound, PM northbound",-73.9416169983714 40.7986290002001,40.7986290002001,-73.94161699837142,40.7986290002001,1918,7,17,"[0, 147, 60]",1918-07-17,0,147,60
462,Parkchester,05/30/1920,POINT (-73.86081600108396 40.83322599927859),6-6 Express,"6-all times, 6 Express-weekdays AM southbound, PM northbound",-73.86081600108396 40.83322599927859,40.8332259992786,-73.86081600108396,40.8332259992786,1920,5,30,"[0, 147, 60]",1920-05-30,0,147,60
463,Franklin St,07/01/1918,POINT (-74.00688600277107 40.719318001302135),1-2,"1-all times, 2-nights",-74.00688600277107 40.719318001302135,40.719318001302135,-74.00688600277107,40.719318001302135,1918,7,1,"[238, 53, 46]",1918-07-01,238,53,46
464,80th St,04/29/1956,POINT (-73.85899200206335 40.67937100115432),A-S,"A-all times, S Euclid Av to Ozone Park-Lefferts Blvd-nights",-73.85899200206335 40.67937100115432,40.67937100115432,-73.85899200206335,40.67937100115432,1956,4,29,"[128, 129, 131]",1956-04-29,128,129,131
465,5th Ave - Bryant Pk,03/22/1926,POINT (-73.98196299856706 40.75382100064824),7-7 Express,"7-all times, 7 Express-rush hours AM westbound, PM eastbound",-73.98196299856706 40.75382100064824,40.753821000648244,-73.98196299856707,40.753821000648244,1926,3,22,"[185, 51, 173]",1926-03-22,185,51,173
466,Spring St,10/27/1904,POINT (-73.99714100006673 40.72230099999366),4-6-6 Express,"4 nights, 6-all times, 6 Express-weekdays AM southbound, PM northbound",-73.99714100006673 40.72230099999366,40.72230099999366,-73.99714100006673,40.72230099999366,1904,10,27,"[0, 147, 60]",1904-10-27,0,147,60
467,125th St,07/17/1918,POINT (-73.93759400055725 40.804138000587244),4-5-6-6 Express,"4,6-all times, 5-all times exc nights, 6 Express-weekdays AM southbound, PM northbound",-73.93759400055725 40.804138000587244,40.80413800058725,-73.93759400055725,40.80413800058725,1918,7,17,"[0, 147, 60]",1918-07-17,0,147,60
468,Coney Island - Stillwell Av,06/22/1915,POINT (-73.9812359981396 40.57728100006751),D-F-N-Q,"D,F,N,Q-all times",-73.9812359981396 40.57728100006751,40.57728100006751,-73.9812359981396,40.57728100006751,1915,6,22,"[252, 204, 10]",1915-06-22,252,204,10
469,34th St - Hudson Yards,09/13/2015,POINT (-74.00219709442206 40.75544635961596),7-7 Express,"7-all times, 7 Express-rush hours AM westbound, PM eastbound",-74.00219709442206 40.75544635961596,40.75544635961596,-74.00219709442206,40.75544635961596,2015,9,13,"[185, 51, 173]",2015-09-13,185,51,173
470,72nd St,01/01/2017,POINT (-73.95836178682246 40.76880251014895),Q,Q-all times,-73.95836178682246 40.76880251014895,40.76880251014895,-73.95836178682245,40.76880251014895,2017,1,1,"[252, 204, 10]",2017-01-01,252,204,10
471,86th St,01/01/2017,POINT (-73.95177090964917 40.77786104333163),Q,Q-all times,-73.95177090964917 40.77786104333163,40.77786104333163,-73.95177090964917,40.77786104333163,2017,1,1,"[252, 204, 10]",2017-01-01,252,204,10
472,96th St,01/01/2017,POINT (-73.9470660219183 40.784236650177654),Q,Q-all times,-73.9470660219183 40.784236650177654,40.784236650177654,-73.9470660219183,40.784236650177654,2017,1,1,"[252, 204, 10]",2017-01-01,252,204,10
